"111年12月01日 三大法人買賣超日報"
"證券代號" "證券名稱" "外陸資買進股數(不含外資自營商)" "外陸資賣出股數(不含外資自營商)" "外陸資買賣超股數(不含外資自營商)" "外資自營商買進股數" "外資自營商賣出股數" "外資自營商買賣超股數" "投信買進股數" "投信賣出股數" "投信買賣超股數" "自營商買賣超股數" "自營商買進股數(自行買賣)" "自營商賣出股數(自行買賣)" "自營商買賣超股數(自行買賣)" "自營商買進股數(避險)" "自營商賣出股數(避險)" "自營商買賣超股數(避險)" "三大法人買賣超股數"
"2317" "鴻海            " "30924135" "16674330" "14249805" "0" "0" "0" "11000" "103000" "-92000" "-556797" "265000" "1012000" "-747000" "337003" "146800" "190203" "13601008"
"3711" "日月光投控      " "18805704" "5849289" "12956415" "0" "0" "0" "4000" "38000" "-34000" "-248012" "62000" "388000" "-326000" "267088" "189100" "77988" "12674403"
"6770" "力積電          " "14637290" "3990302" "10646988" "0" "0" "0" "0" "33000" "-33000" "747358" "355000" "229000" "126000" "883358" "262000" "621358" "11361346"
"2330" "台積電          " "25019719" "13098014" "11921705" "0" "0" "0" "456000" "165000" "291000" "-2473761" "210001" "2236105" "-2026104" "224736" "672393" "-447657" "9738944"
"2344" "華邦電          " "18901029" "9919700" "8981329" "0" "0" "0" "4000" "27000" "-23000" "643391" "452391" "175000" "277391" "503000" "137000" "366000" "9601720"
"3481" "群創            " "20407800" "12268995" "8138805" "0" "0" "0" "9000" "38000" "-29000" "-274814" "52000" "395000" "-343000" "465376" "397190" "68186" "7834991"
"6285" "啟碁            " "9706040" "3128000" "6578040" "0" "0" "0" "913000" "1000000" "-87000" "63366" "819000" "1133001" "-314001" "593936" "216569" "377367" "6554406"
"9904" "寶成            " "9881512" "3757940" "6123572" "0" "0" "0" "0" "0" "0" "-177025" "21000" "164000" "-143000" "41000" "75025" "-34025" "5946547"
"2312" "金寶            " "7020000" "1269000" "5751000" "0" "0" "0" "3000" "0" "3000" "161542" "0" "66458" "-66458" "244000" "16000" "228000" "5915542"
"2882" "國泰金          " "21240380" "15831653" "5408727" "0" "0" "0" "3444000" "53000" "3391000" "-3432269" "427000" "1352000" "-925000" "386996" "2894265" "-2507269" "5367458"
"2337" "旺宏            " "9157150" "5001000" "4156150" "0" "0" "0" "1202000" "17000" "1185000" "-146300" "17625" "103000" "-85375" "373000" "433925" "-60925" "5194850"
"2201" "裕隆            " "11863263" "9138050" "2725213" "0" "0" "0" "144000" "0" "144000" "2089739" "1053000" "759061" "293939" "2047800" "252000" "1795800" "4958952"
"1319" "東陽            " "8910000" "4144000" "4766000" "0" "0" "0" "89000" "4000" "85000" "75844" "172000" "277156" "-105156" "304000" "123000" "181000" "4926844"
"6116" "彩晶            " "6862000" "1927000" "4935000" "0" "0" "0" "3000" "0" "3000" "-40621" "24000" "195000" "-171000" "132000" "1621" "130379" "4897379"
"2489" "瑞軒            " "5467000" "815312" "4651688" "0" "0" "0" "3000" "0" "3000" "32991" "44000" "11009" "32991" "0" "0" "0" "4687679"
"3189" "景碩            " "8576000" "5648000" "2928000" "0" "0" "0" "1110000" "0" "1110000" "-153307" "19000" "207000" "-188000" "152835" "118142" "34693" "3884693"
"5608" "四維航          " "6581000" "2875000" "3706000" "0" "0" "0" "0" "0" "0" "89447" "1447" "4000" "-2553" "136000" "44000" "92000" "3795447"
"6282" "康舒            " "3676000" "323000" "3353000" "0" "0" "0" "1000" "4000" "-3000" "359892" "204172" "42000" "162172" "198720" "1000" "197720" "3709892"
"2885" "元大金          " "12311360" "9741598" "2569762" "0" "0" "0" "1362000" "111000" "1251000" "-500000" "37000" "519000" "-482000" "13000" "31000" "-18000" "3320762"
"2338" "光罩            " "7359000" "3535030" "3823970" "0" "0" "0" "49000" "0" "49000" "-672288" "461000" "1181688" "-720688" "330000" "281600" "48400" "3200682"
"3035" "智原            " "4868000" "3596500" "1271500" "0" "0" "0" "1537000" "2000" "1535000" "186902" "320036" "222000" "98036" "200000" "111134" "88866" "2993402"
"2606" "裕民            " "6434000" "4651000" "1783000" "0" "0" "0" "956000" "0" "956000" "171771" "154771" "345000" "-190229" "396000" "34000" "362000" "2910771"
"1708" "東鹼            " "3387000" "477500" "2909500" "0" "0" "0" "1000" "0" "1000" "-46893" "2107" "12000" "-9893" "79000" "116000" "-37000" "2863607"
"2883" "開發金          " "15081272" "22413679" "-7332407" "0" "0" "0" "10928000" "193000" "10735000" "-584887" "6000" "599000" "-593000" "112000" "103887" "8113" "2817706"
"2376" "技嘉            " "3972000" "1321000" "2651000" "0" "0" "0" "190000" "88000" "102000" "17200" "92000" "228000" "-136000" "205200" "52000" "153200" "2770200"
"2368" "金像電          " "4196796" "1657900" "2538896" "0" "0" "0" "1000" "0" "1000" "124227" "62000" "35000" "27000" "162227" "65000" "97227" "2664123"
"1303" "南亞            " "5807738" "4744063" "1063675" "0" "0" "0" "2061000" "10000" "2051000" "-494101" "0" "484000" "-484000" "5899" "16000" "-10101" "2620574"
"2002" "中鋼            " "13184386" "19012695" "-5828309" "0" "0" "0" "9562000" "480000" "9082000" "-725000" "0" "382000" "-382000" "78000" "421000" "-343000" "2528691"
"2890" "永豐金          " "21184637" "16121541" "5063096" "0" "0" "0" "230000" "2748000" "-2518000" "-128000" "60000" "239000" "-179000" "80000" "29000" "51000" "2417096"
"3027" "盛達            " "5791000" "3292000" "2499000" "0" "0" "0" "0" "0" "0" "-94898" "25102" "120000" "-94898" "0" "0" "0" "2404102"
"2408" "南亞科          " "7643601" "6427770" "1215831" "0" "0" "0" "1357000" "130000" "1227000" "-191973" "5711" "216684" "-210973" "65000" "46000" "19000" "2250858"
"4919" "新唐            " "3177000" "2163000" "1014000" "0" "0" "0" "1093000" "3000" "1090000" "146000" "65000" "61000" "4000" "200000" "58000" "142000" "2250000"
"3017" "奇鋐            " "3005000" "876000" "2129000" "0" "0" "0" "0" "0" "0" "68146" "97000" "30065" "66935" "62627" "61416" "1211" "2197146"
"3059" "華晶科          " "2442000" "331000" "2111000" "0" "0" "0" "0" "2000" "-2000" "26000" "0" "8000" "-8000" "53000" "19000" "34000" "2135000"
"3006" "晶豪科          " "2756000" "839000" "1917000" "0" "0" "0" "0" "1000" "-1000" "183855" "32000" "13000" "19000" "215008" "50153" "164855" "2099855"
"8046" "南電            " "5351981" "4183100" "1168881" "0" "0" "0" "996000" "555000" "441000" "438017" "467300" "247100" "220200" "394379" "176562" "217817" "2047898"
"2495" "普安            " "2611000" "560000" "2051000" "0" "0" "0" "0" "0" "0" "-9715" "1285" "11000" "-9715" "0" "0" "0" "2041285"
"6269" "台郡            " "2553006" "562000" "1991006" "0" "0" "0" "26000" "0" "26000" "-18336" "2000" "21000" "-19000" "1000" "336" "664" "1998670"
"1402" "遠東新          " "10212191" "5092469" "5119722" "0" "0" "0" "4000" "2901000" "-2897000" "-272000" "82000" "337000" "-255000" "103000" "120000" "-17000" "1950722"
"2497" "怡利電          " "3116000" "1423000" "1693000" "0" "0" "0" "0" "0" "0" "196660" "5000" "4000" "1000" "200660" "5000" "195660" "1889660"
"2313" "華通            " "6734000" "4143000" "2591000" "0" "0" "0" "1000" "307000" "-306000" "-407332" "253000" "589000" "-336000" "375000" "446332" "-71332" "1877668"
"1312" "國喬            " "7107000" "6382000" "725000" "0" "0" "0" "2000" "0" "2000" "1150000" "932000" "103000" "829000" "1630000" "1309000" "321000" "1877000"
"8996" "高力            " "4182864" "2480000" "1702864" "0" "0" "0" "25000" "0" "25000" "119076" "0" "3000" "-3000" "139076" "17000" "122076" "1846940"
"2881" "富邦金          " "10273263" "7747185" "2526078" "0" "0" "0" "420000" "59000" "361000" "-1055691" "0" "932000" "-932000" "67990" "191681" "-123691" "1831387"
"2409" "友達            " "27172804" "21922543" "5250261" "0" "0" "0" "9000" "2553000" "-2544000" "-919022" "558000" "1810000" "-1252000" "769000" "436022" "332978" "1787239"
"4958" "臻鼎-KY         " "3580807" "1786780" "1794027" "0" "0" "0" "1000" "6000" "-5000" "-28721" "32023" "47000" "-14977" "3000" "16744" "-13744" "1760306"
"2402" "毅嘉            " "4603000" "2883000" "1720000" "0" "0" "0" "0" "0" "0" "-10091" "1" "10092" "-10091" "0" "0" "0" "1709909"
"2027" "大成鋼          " "3696007" "1915050" "1780957" "0" "0" "0" "2000" "41000" "-39000" "-46761" "239" "109000" "-108761" "168000" "106000" "62000" "1695196"
"1802" "台玻            " "4447134" "2680000" "1767134" "0" "0" "0" "3000" "0" "3000" "-107793" "10523" "133104" "-122581" "30000" "15212" "14788" "1662341"
"2347" "聯強            " "1714888" "1488183" "226705" "0" "0" "0" "1901000" "196000" "1705000" "-275039" "12000" "176000" "-164000" "61300" "172339" "-111039" "1656666"
"2801" "彰銀            " "6148330" "4002650" "2145680" "0" "0" "0" "11000" "2000" "9000" "-508000" "10000" "513000" "-503000" "8000" "13000" "-5000" "1646680"
"2707" "晶華            " "3263024" "1716000" "1547024" "0" "0" "0" "80000" "0" "80000" "17530" "16148" "22618" "-6470" "109000" "85000" "24000" "1644554"
"6456" "GIS-KY          " "1978000" "741000" "1237000" "0" "0" "0" "350000" "0" "350000" "44891" "2891" "18000" "-15109" "77000" "17000" "60000" "1631891"
"2353" "宏碁            " "5758385" "4852317" "906068" "0" "0" "0" "797000" "36000" "761000" "-191005" "11000" "179000" "-168000" "49000" "72005" "-23005" "1476063"
"2607" "榮運            " "2731000" "1095000" "1636000" "0" "0" "0" "1000" "0" "1000" "-191283" "3100" "37423" "-34323" "14040" "171000" "-156960" "1445717"
"6235" "華孚            " "3865005" "2749000" "1116005" "0" "0" "0" "180000" "0" "180000" "143000" "87000" "217000" "-130000" "401000" "128000" "273000" "1439005"
"9933" "中鼎            " "2402000" "987000" "1415000" "0" "0" "0" "1000" "5000" "-4000" "-30000" "2000" "32000" "-30000" "0" "0" "0" "1381000"
"6531" "愛普*           " "1964000" "916000" "1048000" "0" "0" "0" "166000" "0" "166000" "71664" "45000" "13358" "31642" "94022" "54000" "40022" "1285664"
"3380" "明泰            " "3767000" "2538000" "1229000" "0" "0" "0" "1000" "0" "1000" "47568" "90102" "112724" "-22622" "295300" "225110" "70190" "1277568"
"2332" "友訊            " "1301000" "104000" "1197000" "0" "0" "0" "0" "0" "0" "-8338" "22813" "30151" "-7338" "0" "1000" "-1000" "1188662"
"1522" "堤維西          " "2247000" "1121000" "1126000" "0" "0" "0" "0" "0" "0" "60493" "0" "4000" "-4000" "101000" "36507" "64493" "1186493"
"3545" "敦泰            " "1351000" "1161143" "189857" "0" "0" "0" "0" "0" "0" "984868" "2000" "8132" "-6132" "1050000" "59000" "991000" "1174725"
"2308" "台達電          " "3835232" "2666239" "1168993" "0" "0" "0" "151000" "31000" "120000" "-115204" "178000" "214000" "-36000" "104659" "183863" "-79204" "1173789"
"2449" "京元電子        " "3125502" "1743000" "1382502" "0" "0" "0" "59000" "142000" "-83000" "-154000" "0" "76000" "-76000" "21000" "99000" "-78000" "1145502"
"1309" "台達化          " "2412000" "1245000" "1167000" "0" "0" "0" "0" "0" "0" "-22349" "5000" "27349" "-22349" "0" "0" "0" "1144651"
"1517" "利奇            " "1343000" "205000" "1138000" "0" "0" "0" "0" "0" "0" "-12999" "3001" "16000" "-12999" "0" "0" "0" "1125001"
"2413" "環科            " "3633000" "2495000" "1138000" "0" "0" "0" "0" "0" "0" "-18000" "6000" "24000" "-18000" "0" "0" "0" "1120000"
"2329" "華泰            " "1712000" "508000" "1204000" "0" "0" "0" "2000" "0" "2000" "-93375" "0" "22375" "-22375" "0" "71000" "-71000" "1112625"
"2436" "偉詮電          " "1391000" "277000" "1114000" "0" "0" "0" "0" "0" "0" "-5000" "0" "7000" "-7000" "2000" "0" "2000" "1109000"
"3708" "上緯投控        " "1061160" "275900" "785260" "0" "0" "0" "316000" "0" "316000" "-16549" "0" "45000" "-45000" "42451" "14000" "28451" "1084711"
"2753" "八方雲集        " "1942677" "793000" "1149677" "0" "0" "0" "0" "0" "0" "-65694" "5000" "28000" "-23000" "14000" "56694" "-42694" "1083983"
"6239" "力成            " "2404011" "1282000" "1122011" "0" "0" "0" "38000" "55000" "-17000" "-26000" "12000" "104000" "-92000" "77000" "11000" "66000" "1079011"
"2379" "瑞昱            " "2332790" "2628653" "-295863" "0" "0" "0" "1450000" "21000" "1429000" "-107577" "3000" "93300" "-90300" "42316" "59593" "-17277" "1025560"
"2340" "台亞            " "1349000" "430000" "919000" "0" "0" "0" "0" "0" "0" "49449" "39000" "30551" "8449" "42000" "1000" "41000" "968449"
"2880" "華南金          " "8081224" "6539716" "1541508" "0" "0" "0" "12000" "2000" "10000" "-588000" "17000" "581000" "-564000" "2000" "26000" "-24000" "963508"
"9802" "鈺齊-KY         " "642000" "321000" "321000" "0" "0" "0" "600000" "0" "600000" "31725" "1004" "11641" "-10637" "42362" "0" "42362" "952725"
"5243" "乙盛-KY         " "1074000" "154000" "920000" "0" "0" "0" "0" "0" "0" "30000" "0" "14000" "-14000" "52000" "8000" "44000" "950000"
"2812" "台中銀          " "2187352" "715000" "1472352" "0" "0" "0" "4000" "346000" "-342000" "-186000" "0" "186000" "-186000" "0" "0" "0" "944352"
"3406" "玉晶光          " "1412497" "402000" "1010497" "0" "0" "0" "10000" "80000" "-70000" "3347" "59285" "71000" "-11715" "43062" "28000" "15062" "943844"
"2458" "義隆            " "1406000" "618000" "788000" "0" "0" "0" "0" "12000" "-12000" "158961" "44000" "49000" "-5000" "201310" "37349" "163961" "934961"
"2355" "敬鵬            " "999000" "267000" "732000" "0" "0" "0" "0" "0" "0" "197000" "245000" "48000" "197000" "0" "0" "0" "929000"
"9105" "泰金寶-DR       " "973000" "46000" "927000" "0" "0" "0" "0" "0" "0" "0" "0" "0" "0" "0" "0" "0" "927000"
"2351" "順德            " "1962000" "1350000" "612000" "0" "0" "0" "600000" "230000" "370000" "-59919" "6141" "13600" "-7459" "25540" "78000" "-52460" "922081"
"1444" "力麗            " "1582000" "672000" "910000" "0" "0" "0" "4000" "0" "4000" "-25110" "7000" "42110" "-35110" "10000" "0" "10000" "888890"
"2421" "建準            " "1460000" "575000" "885000" "0" "0" "0" "0" "0" "0" "-11947" "4053" "8000" "-3947" "0" "8000" "-8000" "873053"
"2359" "所羅門          " "1161002" "306000" "855002" "0" "0" "0" "0" "0" "0" "-6000" "0" "6000" "-6000" "0" "0" "0" "849002"
"2328" "廣宇            " "1213000" "448000" "765000" "0" "0" "0" "1000" "0" "1000" "79001" "2001" "71000" "-68999" "191000" "43000" "148000" "845001"
"2405" "輔信            " "1573000" "727010" "845990" "0" "0" "0" "0" "0" "0" "-4000" "0" "4000" "-4000" "0" "0" "0" "841990"
"1313" "聯成            " "1520000" "646500" "873500" "0" "0" "0" "2000" "0" "2000" "-34593" "1001" "35594" "-34593" "0" "0" "0" "840907"
"2727" "王品            " "1393000" "592000" "801000" "0" "0" "0" "0" "0" "0" "38219" "14002" "8000" "6002" "66217" "34000" "32217" "839219"
"3231" "緯創            " "6417000" "4939000" "1478000" "0" "0" "0" "1000" "389000" "-388000" "-255886" "16000" "116481" "-100481" "17000" "172405" "-155405" "834114"
"1608" "華榮            " "958000" "122000" "836000" "0" "0" "0" "0" "0" "0" "-6905" "21001" "45906" "-24905" "18000" "0" "18000" "829095"
"2399" "映泰            " "1168000" "358000" "810000" "0" "0" "0" "0" "0" "0" "-2000" "1000" "3000" "-2000" "0" "0" "0" "808000"
"8150" "南茂            " "1228068" "473109" "754959" "0" "0" "0" "53000" "2000" "51000" "-7588" "0" "28488" "-28488" "30000" "9100" "20900" "798371"
"2454" "聯發科          " "3475057" "2882986" "592071" "0" "0" "0" "789000" "41000" "748000" "-544754" "47000" "421744" "-374744" "61612" "231622" "-170010" "795317"
"2401" "凌陽            " "972000" "190000" "782000" "0" "0" "0" "0" "0" "0" "-2374" "5000" "29374" "-24374" "24000" "2000" "22000" "779626"
"6176" "瑞儀            " "1415000" "646000" "769000" "0" "0" "0" "290000" "53000" "237000" "-241571" "2948" "224000" "-221052" "5000" "25519" "-20519" "764429"
"3419" "譁裕            " "1352000" "600000" "752000" "0" "0" "0" "0" "0" "0" "-3744" "1000" "4744" "-3744" "0" "0" "0" "748256"
"2542" "興富發          " "2243771" "1280100" "963671" "0" "0" "0" "1000" "109000" "-108000" "-112000" "4000" "124000" "-120000" "8000" "0" "8000" "743671"
"2888" "新光金          " "16597869" "14009644" "2588225" "0" "0" "0" "0" "0" "0" "-1850438" "1000" "1168429" "-1167429" "50000" "733009" "-683009" "737787"
"2357" "華碩            " "1261844" "1535895" "-274051" "0" "0" "0" "1178000" "64000" "1114000" "-130454" "2000" "106000" "-104000" "11000" "37454" "-26454" "709495"
"2465" "麗臺            " "841000" "321000" "520000" "0" "0" "0" "0" "0" "0" "186000" "187000" "1000" "186000" "0" "0" "0" "706000"
"5880" "合庫金          " "5898641" "4795028" "1103613" "0" "0" "0" "12000" "1000" "11000" "-426111" "0" "394000" "-394000" "12000" "44111" "-32111" "688502"
"2023" "燁輝            " "1542300" "834750" "707550" "0" "0" "0" "3000" "0" "3000" "-22583" "567" "24150" "-23583" "1000" "0" "1000" "687967"
"2345" "智邦            " "1887246" "1169894" "717352" "0" "0" "0" "37000" "5000" "32000" "-93533" "9000" "100000" "-91000" "14467" "17000" "-2533" "655819"
"3532" "台勝科          " "1620325" "981000" "639325" "0" "0" "0" "0" "0" "0" "-8917" "40000" "43000" "-3000" "13000" "18917" "-5917" "630408"
"8222" "寶一            " "572000" "10000" "562000" "0" "0" "0" "0" "0" "0" "66000" "2000" "0" "2000" "64000" "0" "64000" "628000"
"2208" "台船            " "1845000" "1215000" "630000" "0" "0" "0" "3000" "0" "3000" "-6295" "7000" "13295" "-6295" "0" "0" "0" "626705"
"2903" "遠百            " "803000" "155000" "648000" "0" "0" "0" "0" "0" "0" "-21999" "9001" "31000" "-21999" "0" "0" "0" "626001"
"6139" "亞翔            " "1183000" "547300" "635700" "0" "0" "0" "1000" "0" "1000" "-14000" "1000" "15000" "-14000" "0" "0" "0" "622700"
"2731" "雄獅            " "941000" "331000" "610000" "0" "0" "0" "11000" "0" "11000" "-1000" "3000" "4000" "-1000" "0" "0" "0" "620000"
"2485" "兆赫            " "766000" "70000" "696000" "0" "0" "0" "2000" "0" "2000" "-80689" "2000" "82689" "-80689" "0" "0" "0" "617311"
"3051" "力特            " "877000" "265000" "612000" "0" "0" "0" "0" "0" "0" "-10000" "0" "1000" "-1000" "4000" "13000" "-9000" "602000"
"3706" "神達            " "1216233" "471000" "745233" "0" "0" "0" "0" "20000" "-20000" "-124798" "2202" "110000" "-107798" "3000" "20000" "-17000" "600435"
"2302" "麗正            " "807000" "213000" "594000" "0" "0" "0" "0" "0" "0" "-2000" "0" "2000" "-2000" "0" "0" "0" "592000"
"3016" "嘉晶            " "984670" "433670" "551000" "0" "0" "0" "0" "0" "0" "39101" "1" "13000" "-12999" "62100" "10000" "52100" "590101"
"2809" "京城銀          " "1348000" "753000" "595000" "0" "0" "0" "1000" "0" "1000" "-9000" "0" "62000" "-62000" "53000" "0" "53000" "587000"
"2031" "新光鋼          " "843000" "231000" "612000" "0" "0" "0" "1000" "0" "1000" "-38761" "0" "11000" "-11000" "12239" "40000" "-27761" "574239"
"2912" "統一超          " "1021400" "549356" "472044" "0" "0" "0" "128000" "0" "128000" "-39213" "0" "37000" "-37000" "1787" "4000" "-2213" "560831"
"1529" "樂事綠能        " "759000" "203000" "556000" "0" "0" "0" "0" "0" "0" "-4000" "0" "4000" "-4000" "0" "0" "0" "552000"
"5471" "松翰            " "776000" "239000" "537000" "0" "0" "0" "0" "0" "0" "13990" "0" "10010" "-10010" "26000" "2000" "24000" "550990"
"2206" "三陽工業        " "1163000" "678000" "485000" "0" "0" "0" "86000" "0" "86000" "-25135" "2000" "36135" "-34135" "15000" "6000" "9000" "545865"
"8215" "明基材          " "679000" "130000" "549000" "0" "0" "0" "1000" "1000" "0" "-26000" "0" "20000" "-20000" "0" "6000" "-6000" "523000"
"3714" "富采            " "1356276" "780160" "576116" "0" "0" "0" "1000" "0" "1000" "-58717" "8000" "65000" "-57000" "45000" "46717" "-1717" "518399"
"3715" "定穎投控        " "602334" "78000" "524334" "0" "0" "0" "0" "0" "0" "-7000" "0" "7000" "-7000" "0" "0" "0" "517334"
"2915" "潤泰全          " "2287000" "1505137" "781863" "0" "0" "0" "0" "10000" "-10000" "-271067" "41000" "314000" "-273000" "50000" "48067" "1933" "500796"
"3443" "創意            " "1303000" "868000" "435000" "0" "0" "0" "74000" "6000" "68000" "-3134" "31000" "25000" "6000" "15032" "24166" "-9134" "499866"
"2897" "王道銀行        " "912000" "218000" "694000" "0" "0" "0" "0" "0" "0" "-206000" "18000" "224000" "-206000" "0" "0" "0" "488000"
"2723" "美食-KY         " "1347853" "1472050" "-124197" "0" "0" "0" "469000" "103000" "366000" "240987" "36630" "15461" "21169" "290851" "71033" "219818" "482790"
"5706" "鳳凰            " "815005" "333000" "482005" "0" "0" "0" "0" "0" "0" "110" "1001" "891" "110" "0" "0" "0" "482115"
"2484" "希華            " "725000" "241000" "484000" "0" "0" "0" "0" "0" "0" "-6098" "0" "6098" "-6098" "0" "0" "0" "477902"
"1301" "台塑            " "4422936" "4105163" "317773" "0" "0" "0" "603000" "11000" "592000" "-433311" "10000" "411000" "-401000" "25835" "58146" "-32311" "476462"
"3038" "全台            " "814002" "336000" "478002" "0" "0" "0" "0" "0" "0" "-5000" "0" "5000" "-5000" "0" "0" "0" "473002"
"3494" "誠研            " "569000" "102000" "467000" "0" "0" "0" "0" "0" "0" "0" "0" "0" "0" "0" "0" "0" "467000"
"1477" "聚陽            " "940000" "520000" "420000" "0" "0" "0" "0" "0" "0" "46071" "92213" "22000" "70213" "13112" "37254" "-24142" "466071"
"2049" "上銀            " "1414000" "1097484" "316516" "0" "0" "0" "165000" "0" "165000" "-22100" "25100" "45200" "-20100" "17000" "19000" "-2000" "459416"
"2419" "仲琦            " "1371000" "881000" "490000" "0" "0" "0" "0" "0" "0" "-41999" "1" "9000" "-8999" "0" "33000" "-33000" "448001"
"6288" "聯嘉            " "878000" "530000" "348000" "0" "0" "0" "0" "0" "0" "87000" "105000" "18000" "87000" "0" "0" "0" "435000"
"6442" "光聖            " "1004000" "572000" "432000" "0" "0" "0" "0" "0" "0" "-903" "0" "903" "-903" "0" "0" "0" "431097"
"4960" "誠美材          " "500000" "55000" "445000" "0" "0" "0" "0" "0" "0" "-14000" "0" "14000" "-14000" "0" "0" "0" "431000"
"6491" "晶碩            " "305000" "268000" "37000" "0" "0" "0" "363000" "0" "363000" "20000" "15000" "9000" "6000" "19000" "5000" "14000" "420000"
"2455" "全新            " "1246000" "1040000" "206000" "0" "0" "0" "288000" "0" "288000" "-84496" "66000" "110000" "-44000" "38000" "78496" "-40496" "409504"
"2342" "茂矽            " "703018" "294000" "409018" "0" "0" "0" "0" "0" "0" "-5078" "0" "5000" "-5000" "0" "78" "-78" "403940"
"1519" "華城            " "673000" "272000" "401000" "0" "0" "0" "0" "0" "0" "-5000" "0" "10000" "-10000" "14000" "9000" "5000" "396000"
"6668" "中揚光          " "508000" "116000" "392000" "0" "0" "0" "0" "0" "0" "-3000" "1000" "4000" "-3000" "0" "0" "0" "389000"
"6719" "力智            " "630000" "271000" "359000" "0" "0" "0" "0" "0" "0" "28000" "0" "0" "0" "36000" "8000" "28000" "387000"
"2617" "台航            " "577000" "257000" "320000" "0" "0" "0" "0" "0" "0" "63000" "0" "14000" "-14000" "77000" "0" "77000" "383000"
"4976" "佳凌            " "468000" "86000" "382000" "0" "0" "0" "0" "0" "0" "-6000" "0" "6000" "-6000" "0" "0" "0" "376000"
"2305" "全友            " "798000" "415000" "383000" "0" "0" "0" "0" "0" "0" "-8000" "0" "8000" "-8000" "0" "0" "0" "375000"
"2009" "第一銅          " "1461000" "1132000" "329000" "0" "0" "0" "1000" "0" "1000" "32000" "0" "13000" "-13000" "45000" "0" "45000" "362000"
"3138" "耀登            " "477000" "128000" "349000" "0" "0" "0" "0" "0" "0" "11000" "0" "0" "0" "11000" "0" "11000" "360000"
"2601" "益航            " "1153000" "812000" "341000" "0" "0" "0" "0" "0" "0" "13001" "1" "32000" "-31999" "45000" "0" "45000" "354001"
"4906" "正文            " "957000" "598000" "359000" "0" "0" "0" "0" "0" "0" "-7000" "0" "16000" "-16000" "9000" "0" "9000" "352000"
"1308" "亞聚            " "1343000" "1032000" "311000" "0" "0" "0" "1000" "0" "1000" "22000" "1000" "21000" "-20000" "119000" "77000" "42000" "334000"
"3049" "和鑫            " "1022000" "664000" "358000" "0" "0" "0" "0" "0" "0" "-40999" "1" "41000" "-40999" "0" "0" "0" "317001"
"6515" "穎崴            " "437000" "185000" "252000" "0" "0" "0" "21000" "0" "21000" "43779" "4000" "5000" "-1000" "55779" "11000" "44779" "316779"
"5521" "工信            " "380000" "40000" "340000" "0" "0" "0" "0" "0" "0" "-24000" "0" "24000" "-24000" "0" "0" "0" "316000"
"1710" "東聯            " "832000" "322000" "510000" "0" "0" "0" "3000" "0" "3000" "-200000" "0" "200000" "-200000" "0" "0" "0" "313000"
"2390" "云辰            " "495900" "180000" "315900" "0" "0" "0" "0" "0" "0" "-3263" "0" "3263" "-3263" "0" "0" "0" "312637"
"1904" "正隆            " "524258" "164000" "360258" "0" "0" "0" "2000" "0" "2000" "-50523" "4000" "54523" "-50523" "0" "0" "0" "311735"
"4927" "泰鼎-KY         " "636000" "384000" "252000" "0" "0" "0" "0" "0" "0" "50835" "21277" "7442" "13835" "44000" "7000" "37000" "302835"
"3003" "健和興          " "321000" "40000" "281000" "0" "0" "0" "0" "0" "0" "19940" "0" "11060" "-11060" "34000" "3000" "31000" "300940"
"9939" "宏全            " "898000" "377713" "520287" "0" "0" "0" "74000" "275000" "-201000" "-22818" "23000" "45818" "-22818" "0" "0" "0" "296469"
"3701" "大眾控          " "578000" "288000" "290000" "0" "0" "0" "0" "0" "0" "-1000" "0" "1000" "-1000" "0" "0" "0" "289000"
"1219" "福壽            " "485000" "186000" "299000" "0" "0" "0" "1000" "0" "1000" "-14000" "0" "14000" "-14000" "0" "0" "0" "286000"
"6005" "群益證          " "1265000" "986000" "279000" "0" "0" "0" "5000" "0" "5000" "0" "0" "0" "0" "0" "0" "0" "284000"
"1455" "集盛            " "610000" "306000" "304000" "0" "0" "0" "2000" "0" "2000" "-23006" "0" "23006" "-23006" "0" "0" "0" "282994"
"6202" "盛群            " "590460" "297000" "293460" "0" "0" "0" "0" "0" "0" "-12000" "0" "8000" "-8000" "0" "4000" "-4000" "281460"
"3042" "晶技            " "469000" "293000" "176000" "0" "0" "0" "101000" "0" "101000" "4047" "6000" "21000" "-15000" "31047" "12000" "19047" "281047"
"2515" "中工            " "1058000" "569000" "489000" "0" "0" "0" "0" "0" "0" "-208600" "96000" "299000" "-203000" "0" "5600" "-5600" "280400"
"2028" "威致            " "406000" "123000" "283000" "0" "0" "0" "0" "0" "0" "-4000" "0" "4000" "-4000" "0" "0" "0" "279000"
"2611" "志信            " "835000" "561000" "274000" "0" "0" "0" "0" "0" "0" "0" "0" "0" "0" "0" "0" "0" "274000"
"2634" "漢翔            " "4341000" "2601000" "1740000" "0" "0" "0" "1000" "1267000" "-1266000" "-205201" "157000" "458201" "-301201" "171000" "75000" "96000" "268799"
"8105" "凌巨            " "452000" "170000" "282000" "0" "0" "0" "0" "0" "0" "-18000" "3000" "21000" "-18000" "0" "0" "0" "264000"
"8016" "矽創            " "624000" "392000" "232000" "0" "0" "0" "0" "0" "0" "31000" "9000" "6000" "3000" "67000" "39000" "28000" "263000"
"1760" "寶齡富錦        " "2669000" "2366000" "303000" "0" "0" "0" "0" "250000" "-250000" "210000" "202000" "17000" "185000" "53000" "28000" "25000" "263000"
"6414" "樺漢            " "394000" "192000" "202000" "0" "0" "0" "0" "0" "0" "52906" "70361" "35000" "35361" "27545" "10000" "17545" "254906"
"2022" "聚亨            " "293000" "39000" "254000" "0" "0" "0" "0" "0" "0" "-3" "0" "3" "-3" "0" "0" "0" "253997"
"4763" "材料-KY         " "722000" "474000" "248000" "0" "0" "0" "0" "0" "0" "-1438" "1562" "20000" "-18438" "27000" "10000" "17000" "246562"
"1447" "力鵬            " "528000" "273000" "255000" "0" "0" "0" "0" "0" "0" "-9000" "0" "9000" "-9000" "0" "0" "0" "246000"
"2444" "兆勁            " "255000" "10000" "245000" "0" "0" "0" "0" "0" "0" "0" "0" "0" "0" "0" "0" "0" "245000"
"4746" "台耀            " "658000" "408000" "250000" "0" "0" "0" "0" "0" "0" "-6000" "0" "6000" "-6000" "0" "0" "0" "244000"
"5871" "中租-KY         " "5988030" "5806850" "181180" "0" "0" "0" "157000" "4000" "153000" "-93545" "16000" "96000" "-80000" "18755" "32300" "-13545" "240635"
"2374" "佳能            " "409000" "159000" "250000" "0" "0" "0" "1000" "0" "1000" "-12000" "0" "12000" "-12000" "0" "0" "0" "239000"
"3583" "辛耘            " "316000" "65000" "251000" "0" "0" "0" "0" "0" "0" "-16000" "0" "1000" "-1000" "0" "15000" "-15000" "235000"
"4536" "拓凱            " "347000" "122000" "225000" "0" "0" "0" "0" "0" "0" "7995" "0" "5000" "-5000" "18000" "5005" "12995" "232995"
"2534" "宏盛            " "291000" "42000" "249000" "0" "0" "0" "2000" "0" "2000" "-19000" "5000" "24000" "-19000" "0" "0" "0" "232000"
"2327" "國巨            " "1714717" "2007165" "-292448" "0" "0" "0" "652000" "0" "652000" "-129026" "26371" "102091" "-75720" "119694" "173000" "-53306" "230526"
"1795" "美時            " "568000" "354200" "213800" "0" "0" "0" "0" "0" "0" "10874" "46000" "13000" "33000" "7000" "29126" "-22126" "224674"
"6196" "帆宣            " "501000" "267000" "234000" "0" "0" "0" "0" "0" "0" "-12000" "0" "2000" "-2000" "0" "10000" "-10000" "222000"
"1314" "中石化          " "6204000" "5287000" "917000" "0" "0" "0" "4000" "0" "4000" "-702000" "77000" "170000" "-93000" "251000" "860000" "-609000" "219000"
"5285" "界霖            " "268000" "46000" "222000" "0" "0" "0" "0" "0" "0" "-5000" "0" "5000" "-5000" "0" "0" "0" "217000"
"6283" "淳安            " "405000" "188000" "217000" "0" "0" "0" "1000" "0" "1000" "-2000" "0" "2000" "-2000" "0" "0" "0" "216000"
"2605" "新興            " "2080000" "1840000" "240000" "0" "0" "0" "0" "0" "0" "-27062" "3002" "53064" "-50062" "23000" "0" "23000" "212938"
"3022" "威強電          " "1364003" "1280000" "84003" "0" "0" "0" "0" "0" "0" "128649" "108649" "14000" "94649" "57000" "23000" "34000" "212652"
"2913" "農林            " "506000" "276000" "230000" "0" "0" "0" "1000" "0" "1000" "-19000" "15000" "34000" "-19000" "0" "0" "0" "212000"
"2038" "海光            " "332000" "116000" "216000" "0" "0" "0" "0" "0" "0" "-7000" "0" "7000" "-7000" "0" "0" "0" "209000"
"6672" "騰輝電子-KY     " "274000" "65000" "209000" "0" "0" "0" "0" "0" "0" "-1000" "0" "1000" "-1000" "0" "0" "0" "208000"
"2392" "正崴            " "1168465" "750000" "418465" "0" "0" "0" "1000" "166000" "-165000" "-46222" "12000" "58222" "-46222" "0" "0" "0" "207243"
"2476" "鉅祥            " "596052" "397000" "199052" "0" "0" "0" "0" "0" "0" "1298" "598" "9300" "-8702" "13000" "3000" "10000" "200350"
"3028" "增你強          " "236000" "63000" "173000" "0" "0" "0" "0" "0" "0" "26231" "29000" "3000" "26000" "6000" "5769" "231" "199231"
"2836" "高雄銀          " "395000" "141030" "253970" "0" "0" "0" "0" "0" "0" "-57791" "1000" "58791" "-57791" "0" "0" "0" "196179"
"3533" "嘉澤            " "434003" "240000" "194003" "0" "0" "0" "10000" "36000" "-26000" "21615" "23000" "14000" "9000" "16615" "4000" "12615" "189618"
"2748" "雲品            " "491000" "305000" "186000" "0" "0" "0" "1000" "0" "1000" "1999" "13000" "11001" "1999" "0" "0" "0" "188999"
"9103" "美德醫療-DR     " "212000" "27000" "185000" "0" "0" "0" "0" "0" "0" "0" "0" "0" "0" "0" "0" "0" "185000"
"2612" "中航            " "311000" "131000" "180000" "0" "0" "0" "0" "0" "0" "1000" "0" "2000" "-2000" "8000" "5000" "3000" "181000"
"6226" "光鼎            " "355000" "173000" "182000" "0" "0" "0" "0" "0" "0" "-2000" "0" "2000" "-2000" "0" "0" "0" "180000"
"6781" "AES-KY          " "458000" "616000" "-158000" "0" "0" "0" "335000" "0" "335000" "1787" "8105" "9518" "-1413" "26200" "23000" "3200" "178787"
"1560" "中砂            " "1068000" "852099" "215901" "0" "0" "0" "0" "0" "0" "-38042" "0" "10471" "-10471" "17000" "44571" "-27571" "177859"
"4133" "亞諾法          " "269000" "92000" "177000" "0" "0" "0" "0" "0" "0" "0" "0" "0" "0" "0" "0" "0" "177000"
"4566" "時碩工業        " "308000" "115000" "193000" "0" "0" "0" "0" "0" "0" "-19000" "0" "19000" "-19000" "0" "0" "0" "174000"
"1514" "亞力            " "428834" "254000" "174834" "0" "0" "0" "0" "0" "0" "-2000" "0" "2000" "-2000" "0" "0" "0" "172834"
"2030" "彰源            " "621000" "447000" "174000" "0" "0" "0" "0" "0" "0" "-5000" "4000" "9000" "-5000" "0" "0" "0" "169000"
"1515" "力山            " "613000" "439000" "174000" "0" "0" "0" "1000" "0" "1000" "-8504" "0" "8504" "-8504" "0" "0" "0" "166496"
"3048" "益登            " "241436" "66000" "175436" "0" "0" "0" "0" "0" "0" "-9022" "0" "9022" "-9022" "0" "0" "0" "166414"
"2441" "超豐            " "1135000" "369000" "766000" "0" "0" "0" "1000" "555000" "-554000" "-48292" "0" "5000" "-5000" "4000" "47292" "-43292" "163708"
"4564" "元翎            " "178000" "9000" "169000" "0" "0" "0" "0" "0" "0" "-8000" "0" "8000" "-8000" "0" "0" "0" "161000"
"3026" "禾伸堂          " "190000" "25000" "165000" "0" "0" "0" "0" "0" "0" "-6000" "0" "5000" "-5000" "0" "1000" "-1000" "159000"
"2883B" "開發金乙特      " "527394" "201000" "326394" "0" "0" "0" "0" "0" "0" "-168000" "0" "168000" "-168000" "0" "0" "0" "158394"
"3094" "聯傑            " "175000" "15000" "160000" "0" "0" "0" "0" "0" "0" "-2000" "0" "2000" "-2000" "0" "0" "0" "158000"
"3014" "聯陽            " "216000" "64000" "152000" "0" "0" "0" "1000" "0" "1000" "3000" "0" "7000" "-7000" "10000" "0" "10000" "156000"
"2838" "聯邦銀          " "720009" "443177" "276832" "0" "0" "0" "4000" "0" "4000" "-125000" "0" "125000" "-125000" "0" "0" "0" "155832"
"1618" "合機            " "261000" "106000" "155000" "0" "0" "0" "0" "0" "0" "0" "0" "0" "0" "0" "0" "0" "155000"
"6142" "友勁            " "214000" "61000" "153000" "0" "0" "0" "0" "0" "0" "0" "0" "0" "0" "0" "0" "0" "153000"
"6243" "迅杰            " "195000" "43000" "152000" "0" "0" "0" "0" "0" "0" "0" "0" "0" "0" "0" "0" "0" "152000"
"1533" "車王電          " "170000" "19000" "151000" "0" "0" "0" "0" "0" "0" "0" "0" "0" "0" "0" "0" "0" "151000"
"1410" "南染            " "204000" "51000" "153000" "0" "0" "0" "0" "0" "0" "-2000" "0" "2000" "-2000" "0" "0" "0" "151000"
"2369" "菱生            " "376000" "212000" "164000" "0" "0" "0" "2000" "0" "2000" "-16195" "0" "16195" "-16195" "0" "0" "0" "149805"
"3029" "零壹            " "171000" "12000" "159000" "0" "0" "0" "0" "0" "0" "-10000" "0" "10000" "-10000" "0" "0" "0" "149000"
"5284" "jpp-KY          " "211000" "62000" "149000" "0" "0" "0" "0" "0" "0" "0" "0" "0" "0" "0" "0" "0" "149000"
"6152" "百一            " "189000" "41000" "148000" "0" "0" "0" "0" "0" "0" "0" "0" "0" "0" "0" "0" "0" "148000"
"6168" "宏齊            " "201000" "48000" "153000" "0" "0" "0" "0" "0" "0" "-7000" "0" "7000" "-7000" "0" "0" "0" "146000"
"1316" "上曜            " "304000" "162100" "141900" "0" "0" "0" "0" "0" "0" "3000" "6000" "3000" "3000" "0" "0" "0" "144900"
"9917" "中保科          " "191000" "83000" "108000" "0" "0" "0" "48000" "0" "48000" "-11530" "1191" "12000" "-10809" "0" "721" "-721" "144470"
"1905" "華紙            " "404000" "219000" "185000" "0" "0" "0" "1000" "0" "1000" "-43768" "2000" "45768" "-43768" "0" "0" "0" "142232"
"6209" "今國光          " "201000" "48000" "153000" "0" "0" "0" "0" "0" "0" "-12167" "0" "12167" "-12167" "0" "0" "0" "140833"
"3044" "健鼎            " "636027" "415000" "221027" "0" "0" "0" "46000" "45000" "1000" "-83000" "0" "62000" "-62000" "2000" "23000" "-21000" "139027"
"2393" "億光            " "254489" "97000" "157489" "0" "0" "0" "0" "0" "0" "-22000" "2000" "27000" "-25000" "5000" "2000" "3000" "135489"
"2380" "虹光            " "169000" "35000" "134000" "0" "0" "0" "0" "0" "0" "0" "0" "0" "0" "0" "0" "0" "134000"
"2468" "華經            " "838000" "704000" "134000" "0" "0" "0" "0" "0" "0" "0" "0" "0" "0" "0" "0" "0" "134000"
"910861" "神州-DR         " "134000" "0" "134000" "0" "0" "0" "0" "0" "0" "0" "0" "0" "0" "0" "0" "0" "134000"
"3030" "德律            " "168000" "23010" "144990" "0" "0" "0" "1000" "0" "1000" "-12000" "0" "12000" "-12000" "0" "0" "0" "133990"
"2540" "愛山林          " "140000" "8000" "132000" "0" "0" "0" "0" "0" "0" "0" "0" "0" "0" "0" "0" "0" "132000"
"3346" "麗清            " "588000" "456000" "132000" "0" "0" "0" "0" "0" "0" "-2000" "0" "2000" "-2000" "0" "0" "0" "130000"
"3046" "建碁            " "1257000" "1118000" "139000" "0" "0" "0" "0" "0" "0" "-10000" "0" "10000" "-10000" "0" "0" "0" "129000"
"5531" "鄉林            " "158000" "30000" "128000" "0" "0" "0" "0" "0" "0" "0" "0" "0" "0" "0" "0" "0" "128000"
"2851" "中再保          " "313000" "154000" "159000" "0" "0" "0" "0" "0" "0" "-35133" "18000" "3133" "14867" "0" "50000" "-50000" "123867"
"6117" "迎廣            " "128000" "6000" "122000" "0" "0" "0" "0" "0" "0" "0" "0" "0" "0" "0" "0" "0" "122000"
"8926" "台汽電          " "464000" "343000" "121000" "0" "0" "0" "1000" "0" "1000" "-670" "11000" "12000" "-1000" "3000" "2670" "330" "121330"
"3591" "艾笛森          " "202051" "75000" "127051" "0" "0" "0" "0" "0" "0" "-6000" "0" "6000" "-6000" "0" "0" "0" "121051"
"4551" "智伸科          " "265000" "105000" "160000" "0" "0" "0" "0" "22000" "-22000" "-20000" "0" "0" "0" "6000" "26000" "-20000" "118000"
"6582" "申豐            " "149000" "28000" "121000" "0" "0" "0" "0" "0" "0" "-4000" "1000" "5000" "-4000" "0" "0" "0" "117000"
"3530" "晶相光          " "134000" "14000" "120000" "0" "0" "0" "0" "0" "0" "-3895" "0" "4000" "-4000" "105" "0" "105" "116105"
"3588" "通嘉            " "348000" "232000" "116000" "0" "0" "0" "0" "0" "0" "0" "0" "0" "0" "0" "0" "0" "116000"
"1707" "葡萄王          " "190000" "167000" "23000" "0" "0" "0" "69000" "0" "69000" "22355" "31000" "9000" "22000" "3463" "3108" "355" "114355"
"1809" "中釉            " "244000" "131000" "113000" "0" "0" "0" "0" "0" "0" "1000" "4000" "3000" "1000" "0" "0" "0" "114000"
"8028" "昇陽半導體      " "1170500" "1050940" "119560" "0" "0" "0" "0" "0" "0" "-6000" "0" "6000" "-6000" "0" "0" "0" "113560"
"2633" "台灣高鐵        " "1695248" "1499900" "195348" "0" "0" "0" "2000" "0" "2000" "-85214" "132000" "174188" "-42188" "2000" "45026" "-43026" "112134"
"6541" "泰福-KY         " "212000" "102000" "110000" "0" "0" "0" "0" "0" "0" "0" "0" "0" "0" "0" "0" "0" "110000"
"6412" "群電            " "100149" "32000" "68149" "0" "0" "0" "52000" "0" "52000" "-11064" "0" "11000" "-11000" "0" "64" "-64" "109085"
"9921" "巨大            " "803523" "658618" "144905" "0" "0" "0" "0" "0" "0" "-37789" "1000" "34000" "-33000" "1000" "5789" "-4789" "107116"
"6415" "矽力*-KY        " "2185000" "2152498" "32502" "0" "0" "0" "81000" "7000" "74000" "0" "1000" "11000" "-10000" "10000" "0" "10000" "106502"
"4306" "炎洲            " "200000" "88000" "112000" "0" "0" "0" "0" "0" "0" "-5991" "1009" "7000" "-5991" "0" "0" "0" "106009"
"5434" "崇越            " "302000" "232000" "70000" "0" "0" "0" "51000" "0" "51000" "-15000" "0" "10000" "-10000" "0" "5000" "-5000" "106000"
"3682" "亞太電          " "284000" "180000" "104000" "0" "0" "0" "0" "0" "0" "0" "0" "0" "0" "0" "0" "0" "104000"
"4106" "雃博            " "112000" "6000" "106000" "0" "0" "0" "0" "0" "0" "-2065" "0" "2065" "-2065" "0" "0" "0" "103935"
"6426" "統新            " "321000" "218000" "103000" "0" "0" "0" "0" "0" "0" "0" "0" "0" "0" "0" "0" "0" "103000"
"1783" "和康生          " "195000" "91000" "104000" "0" "0" "0" "0" "0" "0" "-2000" "0" "2000" "-2000" "0" "0" "0" "102000"
"4190" "佐登-KY         " "117000" "31000" "86000" "0" "0" "0" "0" "0" "0" "12880" "15170" "2290" "12880" "0" "0" "0" "98880"
"3669" "圓展            " "142000" "42000" "100000" "0" "0" "0" "0" "0" "0" "-2000" "0" "2000" "-2000" "0" "0" "0" "98000"
"2228" "劍麟            " "138000" "38000" "100000" "0" "0" "0" "0" "0" "0" "-2000" "0" "2000" "-2000" "0" "0" "0" "98000"
"6205" "詮欣            " "644000" "314000" "330000" "0" "0" "0" "0" "327000" "-327000" "94000" "95000" "1000" "94000" "0" "0" "0" "97000"
"2608" "嘉里大榮        " "136000" "28000" "108000" "0" "0" "0" "1000" "0" "1000" "-12000" "0" "12000" "-12000" "0" "0" "0" "97000"
"8114" "振樺電          " "474000" "387000" "87000" "0" "0" "0" "0" "0" "0" "9795" "4000" "6000" "-2000" "25795" "14000" "11795" "96795"
"1810" "和成            " "238000" "238400" "-400" "0" "0" "0" "0" "0" "0" "92000" "2000" "10000" "-8000" "100000" "0" "100000" "91600"
"4739" "康普            " "618000" "506000" "112000" "0" "0" "0" "0" "0" "0" "-20942" "5000" "6000" "-1000" "3058" "23000" "-19942" "91058"
"6525" "捷敏-KY         " "96000" "3000" "93000" "0" "0" "0" "0" "0" "0" "-2000" "0" "2000" "-2000" "0" "0" "0" "91000"
"1104" "環泥            " "183000" "77000" "106000" "0" "0" "0" "0" "0" "0" "-18000" "5000" "23000" "-18000" "0" "0" "0" "88000"
"2451" "創見            " "209000" "153000" "56000" "0" "0" "0" "57000" "0" "57000" "-26540" "1000" "16540" "-15540" "0" "11000" "-11000" "86460"
"6024" "群益期          " "98000" "12000" "86000" "0" "0" "0" "0" "0" "0" "0" "0" "0" "0" "0" "0" "0" "86000"
"9911" "櫻花            " "95000" "9000" "86000" "0" "0" "0" "0" "0" "0" "-1732" "0" "2000" "-2000" "278" "10" "268" "84268"
"2636" "台驊投控        " "405000" "322000" "83000" "0" "0" "0" "0" "0" "0" "0" "0" "5000" "-5000" "20000" "15000" "5000" "83000"
"2425" "承啟            " "735000" "653000" "82000" "0" "0" "0" "0" "0" "0" "0" "0" "0" "0" "0" "0" "0" "82000"
"4952" "凌通            " "159000" "65000" "94000" "0" "0" "0" "0" "0" "0" "-12000" "0" "12000" "-12000" "0" "0" "0" "82000"
"6120" "達運            " "293000" "208000" "85000" "0" "0" "0" "0" "0" "0" "-3004" "23000" "26004" "-3004" "0" "0" "0" "81996"
"3013" "晟銘電          " "178000" "96000" "82000" "0" "0" "0" "0" "0" "0" "-1000" "0" "1000" "-1000" "0" "0" "0" "81000"
"5215" "科嘉-KY         " "132000" "52000" "80000" "0" "0" "0" "0" "0" "0" "-2000" "0" "2000" "-2000" "0" "0" "0" "78000"
"2017" "官田鋼          " "178761" "88000" "90761" "0" "0" "0" "0" "0" "0" "-13005" "0" "13005" "-13005" "0" "0" "0" "77756"
"8454" "富邦媒          " "570684" "550000" "20684" "0" "0" "0" "71000" "0" "71000" "-14253" "2415" "15668" "-13253" "5000" "6000" "-1000" "77431"
"3413" "京鼎            " "214000" "151000" "63000" "0" "0" "0" "0" "0" "0" "12006" "15000" "2000" "13000" "3006" "4000" "-994" "75006"
"2427" "三商電          " "82000" "6000" "76000" "0" "0" "0" "0" "0" "0" "-1000" "0" "1000" "-1000" "0" "0" "0" "75000"
"1906" "寶隆            " "81000" "4000" "77000" "0" "0" "0" "0" "0" "0" "-2000" "0" "2000" "-2000" "0" "0" "0" "75000"
"2029" "盛餘            " "150000" "66000" "84000" "0" "0" "0" "0" "0" "0" "-10000" "1000" "11000" "-10000" "0" "0" "0" "74000"
"3033" "威健            " "225000" "170000" "55000" "0" "0" "0" "0" "0" "0" "19000" "20000" "1000" "19000" "0" "0" "0" "74000"
"2464" "盟立            " "120000" "41000" "79000" "0" "0" "0" "1000" "0" "1000" "-7033" "0" "7033" "-7033" "0" "0" "0" "72967"
"4438" "廣越            " "97000" "17000" "80000" "0" "0" "0" "0" "0" "0" "-7218" "0" "7218" "-7218" "0" "0" "0" "72782"
"2478" "大毅            " "111000" "33000" "78000" "0" "0" "0" "0" "0" "0" "-5980" "20" "6000" "-5980" "0" "0" "0" "72020"
"2702" "華園            " "305000" "231000" "74000" "0" "0" "0" "0" "0" "0" "-2000" "0" "2000" "-2000" "0" "0" "0" "72000"
"6796" "晉弘            " "88000" "16000" "72000" "0" "0" "0" "0" "0" "0" "0" "0" "0" "0" "0" "0" "0" "72000"
"4148" "全宇生技-KY     " "159000" "87000" "72000" "0" "0" "0" "0" "0" "0" "-1000" "0" "1000" "-1000" "0" "0" "0" "71000"
"4572" "駐龍            " "128000" "57000" "71000" "0" "0" "0" "0" "0" "0" "-1000" "0" "1000" "-1000" "0" "0" "0" "70000"
"3576" "聯合再生        " "2032000" "1822000" "210000" "0" "0" "0" "0" "0" "0" "-140000" "3000" "128000" "-125000" "1000" "16000" "-15000" "70000"
"9938" "百和            " "619000" "490465" "128535" "0" "0" "0" "1000" "0" "1000" "-60015" "9001" "69016" "-60015" "0" "0" "0" "69520"
"6133" "金橋            " "689000" "620000" "69000" "0" "0" "0" "0" "0" "0" "0" "0" "0" "0" "0" "0" "0" "69000"
"1337" "再生-KY         " "124000" "52000" "72000" "0" "0" "0" "0" "0" "0" "-3429" "2000" "5429" "-3429" "0" "0" "0" "68571"
"3305" "昇貿            " "308000" "237000" "71000" "0" "0" "0" "0" "0" "0" "-2718" "0" "2000" "-2000" "0" "718" "-718" "68282"
"6558" "興能高          " "129000" "61000" "68000" "0" "0" "0" "0" "0" "0" "-919" "2000" "2919" "-919" "0" "0" "0" "67081"
"1307" "三芳            " "115533" "49000" "66533" "0" "0" "0" "0" "0" "0" "-1" "0" "1" "-1" "0" "0" "0" "66532"
"4155" "訊映            " "95000" "46000" "49000" "0" "0" "0" "0" "0" "0" "16999" "0" "6001" "-6001" "23000" "0" "23000" "65999"
"2537" "聯上發          " "125000" "57000" "68000" "0" "0" "0" "0" "0" "0" "-3000" "0" "3000" "-3000" "0" "0" "0" "65000"
"6224" "聚鼎            " "76000" "11000" "65000" "0" "0" "0" "0" "0" "0" "-1939" "86" "2025" "-1939" "0" "0" "0" "63061"
"3501" "維熹            " "68000" "3000" "65000" "0" "0" "0" "0" "0" "0" "-2004" "0" "2004" "-2004" "0" "0" "0" "62996"
"1717" "長興            " "871281" "681000" "190281" "0" "0" "0" "1000" "19000" "-18000" "-111674" "1000" "79674" "-78674" "3000" "36000" "-33000" "60607"
"4912" "聯德控股-KY     " "69006" "10000" "59006" "0" "0" "0" "0" "0" "0" "1001" "0" "1000" "-1000" "2001" "0" "2001" "60007"
"4164" "承業醫          " "230000" "165000" "65000" "0" "0" "0" "1000" "0" "1000" "-8000" "0" "8000" "-8000" "0" "0" "0" "58000"
"3164" "景岳            " "86000" "28000" "58000" "0" "0" "0" "0" "0" "0" "0" "0" "0" "0" "0" "0" "0" "58000"
"4967" "十銓            " "68000" "11000" "57000" "0" "0" "0" "1000" "0" "1000" "0" "0" "0" "0" "0" "0" "0" "58000"
"2460" "建通            " "109000" "48000" "61000" "0" "0" "0" "0" "0" "0" "-4000" "2000" "6000" "-4000" "0" "0" "0" "57000"
"2102" "泰豐            " "234000" "154000" "80000" "0" "0" "0" "0" "0" "0" "-24000" "0" "24000" "-24000" "0" "0" "0" "56000"
"2107" "厚生            " "79000" "13000" "66000" "0" "0" "0" "0" "0" "0" "-10000" "0" "10000" "-10000" "0" "0" "0" "56000"
"1471" "首利            " "108000" "53000" "55000" "0" "0" "0" "0" "0" "0" "0" "0" "0" "0" "0" "0" "0" "55000"
"1473" "台南            " "73000" "16000" "57000" "0" "0" "0" "0" "0" "0" "-2000" "0" "2000" "-2000" "0" "0" "0" "55000"
"3024" "憶聲            " "99000" "48000" "51000" "0" "0" "0" "0" "0" "0" "4000" "8000" "4000" "4000" "0" "0" "0" "55000"
"1464" "得力            " "65615" "6000" "59615" "0" "0" "0" "0" "0" "0" "-5000" "0" "5000" "-5000" "0" "0" "0" "54615"
"2375" "凱美            " "104000" "48000" "56000" "0" "0" "0" "0" "0" "0" "-2000" "0" "2000" "-2000" "0" "0" "0" "54000"
"9914" "美利達          " "321017" "320220" "797" "0" "0" "0" "76000" "0" "76000" "-23559" "22000" "44194" "-22194" "2000" "3365" "-1365" "53238"
"3535" "晶彩科          " "693000" "638000" "55000" "0" "0" "0" "0" "0" "0" "-2000" "0" "2000" "-2000" "0" "0" "0" "53000"
"2536" "宏普            " "69000" "14000" "55000" "0" "0" "0" "0" "0" "0" "-3000" "0" "3000" "-3000" "0" "0" "0" "52000"
"1234" "黑松            " "63000" "12000" "51000" "0" "0" "0" "0" "0" "0" "0" "0" "0" "0" "0" "0" "0" "51000"
"1440" "南紡            " "419000" "335000" "84000" "0" "0" "0" "2000" "0" "2000" "-35105" "16000" "51105" "-35105" "0" "0" "0" "50895"
"2462" "良得電          " "135000" "86000" "49000" "0" "0" "0" "0" "0" "0" "0" "0" "0" "0" "0" "0" "0" "49000"
"4426" "利勤            " "206000" "156000" "50000" "0" "0" "0" "1000" "0" "1000" "-3000" "0" "3000" "-3000" "0" "0" "0" "48000"
"1723" "中碳            " "114000" "50000" "64000" "0" "0" "0" "0" "2000" "-2000" "-14000" "0" "14000" "-14000" "0" "0" "0" "48000"
"9955" "佳龍            " "126000" "78000" "48000" "0" "0" "0" "0" "0" "0" "0" "0" "0" "0" "0" "0" "0" "48000"
"9958" "世紀鋼          " "546000" "696000" "-150000" "0" "0" "0" "0" "0" "0" "197882" "277000" "36000" "241000" "21000" "64118" "-43118" "47882"
"1110" "東泥            " "48000" "1000" "47000" "0" "0" "0" "0" "0" "0" "0" "0" "0" "0" "0" "0" "0" "47000"
"2348" "海悅            " "73000" "20000" "53000" "0" "0" "0" "0" "0" "0" "-6000" "0" "6000" "-6000" "0" "0" "0" "47000"
"8039" "台虹            " "72000" "21033" "50967" "0" "0" "0" "0" "0" "0" "-4984" "4017" "9001" "-4984" "0" "0" "0" "45983"
"2331" "精英            " "368000" "309000" "59000" "0" "0" "0" "0" "0" "0" "-13137" "2001" "32138" "-30137" "17000" "0" "17000" "45863"
"8261" "富鼎            " "717000" "677000" "40000" "0" "0" "0" "0" "0" "0" "5078" "23000" "22684" "316" "20000" "15238" "4762" "45078"
"5234" "達興材料        " "108000" "61000" "47000" "0" "0" "0" "0" "0" "0" "-1978" "1865" "3843" "-1978" "0" "0" "0" "45022"
"2642" "宅配通          " "82000" "36000" "46000" "0" "0" "0" "0" "0" "0" "-1000" "0" "1000" "-1000" "0" "0" "0" "45000"
"8464" "億豐            " "421345" "363234" "58111" "0" "0" "0" "0" "0" "0" "-13577" "3000" "13000" "-10000" "0" "3577" "-3577" "44534"
"6552" "易華電          " "49000" "4000" "45000" "0" "0" "0" "0" "0" "0" "-1000" "0" "1000" "-1000" "0" "0" "0" "44000"
"4935" "茂林-KY         " "80000" "29000" "51000" "0" "0" "0" "0" "0" "0" "-7000" "0" "7000" "-7000" "0" "0" "0" "44000"
"1476" "儒鴻            " "494836" "409186" "85650" "0" "0" "0" "6000" "0" "6000" "-48300" "2000" "48000" "-46000" "7058" "9358" "-2300" "43350"
"1215" "卜蜂            " "104089" "48800" "55289" "0" "0" "0" "1000" "0" "1000" "-13000" "4000" "12000" "-8000" "0" "5000" "-5000" "43289"
"4540" "全球傳動        " "50000" "7000" "43000" "0" "0" "0" "0" "0" "0" "0" "3000" "3000" "0" "0" "0" "0" "43000"
"1201" "味全            " "107000" "35000" "72000" "0" "0" "0" "0" "0" "0" "-29219" "2000" "31219" "-29219" "0" "0" "0" "42781"
"1720" "生達            " "159000" "110000" "49000" "0" "0" "0" "1000" "0" "1000" "-8000" "0" "8000" "-8000" "0" "0" "0" "42000"
"4576" "大銀微系統      " "64000" "22000" "42000" "0" "0" "0" "0" "0" "0" "0" "0" "0" "0" "0" "0" "0" "42000"
"6155" "鈞寶            " "70000" "28000" "42000" "0" "0" "0" "0" "0" "0" "0" "0" "0" "0" "0" "0" "0" "42000"
"6177" "達麗            " "66589" "22000" "44589" "0" "0" "0" "0" "0" "0" "-3000" "0" "3000" "-3000" "0" "0" "0" "41589"
"5222" "全訊            " "106000" "71000" "35000" "0" "0" "0" "0" "0" "0" "6456" "0" "1000" "-1000" "11000" "3544" "7456" "41456"
"1232" "大統益          " "54000" "9000" "45000" "0" "0" "0" "0" "0" "0" "-4000" "1000" "5000" "-4000" "0" "0" "0" "41000"
"8070" "長華*           " "117000" "52000" "65000" "0" "0" "0" "1000" "0" "1000" "-25000" "0" "25000" "-25000" "0" "0" "0" "41000"
"2059" "川湖            " "209000" "171000" "38000" "0" "0" "0" "0" "0" "0" "2385" "14485" "13000" "1485" "2000" "1100" "900" "40385"
"4532" "瑞智            " "183000" "121000" "62000" "0" "0" "0" "0" "0" "0" "-22000" "0" "22000" "-22000" "0" "0" "0" "40000"
"3092" "鴻碩            " "568000" "518000" "50000" "0" "0" "0" "0" "0" "0" "-10502" "1000" "11502" "-10502" "0" "0" "0" "39498"
"8442" "威宏-KY         " "70000" "26000" "44000" "0" "0" "0" "0" "0" "0" "-6000" "0" "6000" "-6000" "0" "0" "0" "38000"
"8467" "波力-KY         " "47000" "8000" "39000" "0" "0" "0" "0" "0" "0" "-1000" "0" "1000" "-1000" "0" "0" "0" "38000"
"3090" "日電貿          " "105000" "57000" "48000" "0" "0" "0" "0" "0" "0" "-10061" "0" "10061" "-10061" "0" "0" "0" "37939"
"5469" "瀚宇博          " "416000" "363000" "53000" "0" "0" "0" "2000" "0" "2000" "-18000" "4000" "18000" "-14000" "0" "4000" "-4000" "37000"
"1506" "正道            " "78000" "42000" "36000" "0" "0" "0" "0" "0" "0" "0" "0" "0" "0" "0" "0" "0" "36000"
"5519" "隆大            " "78000" "40000" "38000" "0" "0" "0" "0" "0" "0" "-2000" "0" "2000" "-2000" "0" "0" "0" "36000"
"3712" "永崴投控        " "37000" "4000" "33000" "0" "0" "0" "0" "0" "0" "3000" "7000" "4000" "3000" "0" "0" "0" "36000"
"5225" "東科-KY         " "289000" "225000" "64000" "0" "0" "0" "0" "0" "0" "-29000" "17000" "46000" "-29000" "0" "0" "0" "35000"
"1220" "台榮            " "45000" "8000" "37000" "0" "0" "0" "0" "0" "0" "-2000" "0" "2000" "-2000" "0" "0" "0" "35000"
"8011" "台通            " "117000" "80000" "37000" "0" "0" "0" "0" "0" "0" "-2000" "0" "2000" "-2000" "0" "0" "0" "35000"
"2472" "立隆電          " "119000" "82000" "37000" "0" "0" "0" "1000" "0" "1000" "-3089" "2000" "9089" "-7089" "4000" "0" "4000" "34911"
"2104" "國際中橡        " "443000" "353000" "90000" "0" "0" "0" "3000" "0" "3000" "-58093" "3000" "61093" "-58093" "0" "0" "0" "34907"
"2457" "飛宏            " "1734000" "1474000" "260000" "0" "0" "0" "0" "0" "0" "-225985" "3000" "18985" "-15985" "34000" "244000" "-210000" "34015"
"2480" "敦陽科          " "60000" "24000" "36000" "0" "0" "0" "0" "0" "0" "-4608" "392" "5000" "-4608" "0" "0" "0" "31392"
"6782" "視陽            " "54000" "18000" "36000" "0" "0" "0" "0" "0" "0" "-5000" "0" "5000" "-5000" "0" "0" "0" "31000"
"2701" "萬企            " "40000" "10000" "30000" "0" "0" "0" "0" "0" "0" "0" "0" "0" "0" "0" "0" "0" "30000"
"3338" "泰碩            " "55000" "21000" "34000" "0" "0" "0" "0" "0" "0" "-4000" "0" "4000" "-4000" "0" "0" "0" "30000"
"6743" "安普新          " "90000" "46000" "44000" "0" "0" "0" "0" "0" "0" "-14026" "0" "14026" "-14026" "0" "0" "0" "29974"
"2207" "和泰車          " "157208" "112494" "44714" "0" "0" "0" "0" "0" "0" "-14748" "0" "15000" "-15000" "252" "0" "252" "29966"
"8404" "百和興業-KY     " "55000" "16000" "39000" "0" "0" "0" "0" "0" "0" "-10000" "0" "10000" "-10000" "0" "0" "0" "29000"
"1736" "喬山            " "569000" "464000" "105000" "0" "0" "0" "0" "0" "0" "-76295" "0" "65295" "-65295" "21000" "32000" "-11000" "28705"
"1103" "嘉泥            " "63000" "15000" "48000" "0" "0" "0" "0" "0" "0" "-20000" "3000" "23000" "-20000" "0" "0" "0" "28000"
"2923" "鼎固-KY         " "50000" "0" "50000" "0" "0" "0" "0" "0" "0" "-22000" "0" "22000" "-22000" "0" "0" "0" "28000"
"2431" "聯昌            " "40000" "11000" "29000" "0" "0" "0" "0" "0" "0" "-1000" "0" "1000" "-1000" "0" "0" "0" "28000"
"6792" "詠業            " "64000" "32000" "32000" "0" "0" "0" "0" "0" "0" "-4000" "0" "4000" "-4000" "0" "0" "0" "28000"
"1590" "亞德客-KY       " "727276" "787235" "-59959" "0" "0" "0" "98000" "0" "98000" "-10090" "4000" "10000" "-6000" "2910" "7000" "-4090" "27951"
"1338" "廣華-KY         " "33009" "27000" "6009" "0" "0" "0" "0" "0" "0" "21000" "21000" "0" "21000" "0" "0" "0" "27009"
"3652" "精聯            " "35000" "8000" "27000" "0" "0" "0" "0" "0" "0" "0" "0" "0" "0" "0" "0" "0" "27000"
"4989" "榮科            " "281000" "241000" "40000" "0" "0" "0" "0" "0" "0" "-13000" "0" "13000" "-13000" "0" "0" "0" "27000"
"5533" "皇鼎            " "35000" "4000" "31000" "0" "0" "0" "0" "0" "0" "-4000" "0" "4000" "-4000" "0" "0" "0" "27000"
"1453" "大將            " "202970" "176000" "26970" "0" "0" "0" "0" "0" "0" "0" "0" "0" "0" "0" "0" "0" "26970"
"1109" "信大            " "102000" "65000" "37000" "0" "0" "0" "0" "0" "0" "-11000" "0" "11000" "-11000" "0" "0" "0" "26000"
"3563" "牧德            " "34000" "7000" "27000" "0" "0" "0" "0" "0" "0" "-1274" "0" "1274" "-1274" "0" "0" "0" "25726"
"6670" "復盛應用        " "280100" "248000" "32100" "0" "0" "0" "0" "0" "0" "-7000" "0" "7000" "-7000" "0" "0" "0" "25100"
"6790" "永豐實          " "25000" "0" "25000" "0" "0" "0" "0" "0" "0" "0" "0" "0" "0" "0" "0" "0" "25000"
"1714" "和桐            " "510000" "473000" "37000" "0" "0" "0" "0" "0" "0" "-12000" "0" "12000" "-12000" "0" "0" "0" "25000"
"2852" "第一保          " "63000" "36000" "27000" "0" "0" "0" "0" "0" "0" "-3000" "0" "3000" "-3000" "0" "0" "0" "24000"
"8249" "菱光            " "95000" "67000" "28000" "0" "0" "0" "0" "0" "0" "-4000" "0" "4000" "-4000" "0" "0" "0" "24000"
"8422" "可寧衛          " "68000" "34000" "34000" "0" "0" "0" "0" "0" "0" "-10000" "0" "0" "0" "0" "10000" "-10000" "24000"
"9908" "大台北          " "27000" "1000" "26000" "0" "0" "0" "0" "0" "0" "-2000" "0" "2000" "-2000" "0" "0" "0" "24000"
"3008" "大立光          " "360302" "342344" "17958" "0" "0" "0" "0" "2000" "-2000" "7383" "21200" "8038" "13162" "3309" "9088" "-5779" "23341"
"2428" "興勤            " "112000" "84000" "28000" "0" "0" "0" "0" "0" "0" "-4999" "1" "5000" "-4999" "0" "0" "0" "23001"
"2461" "光群雷          " "49000" "25000" "24000" "0" "0" "0" "0" "0" "0" "-2000" "0" "2000" "-2000" "0" "0" "0" "22000"
"5203" "訊連            " "67000" "42000" "25000" "0" "0" "0" "0" "0" "0" "-3000" "1000" "4000" "-3000" "0" "0" "0" "22000"
"9927" "泰銘            " "59000" "31010" "27990" "0" "0" "0" "1000" "0" "1000" "-7000" "0" "7000" "-7000" "0" "0" "0" "21990"
"5515" "建國            " "42000" "19000" "23000" "0" "0" "0" "0" "0" "0" "-2000" "0" "2000" "-2000" "0" "0" "0" "21000"
"4930" "燦星網          " "25000" "2000" "23000" "0" "0" "0" "0" "0" "0" "-2000" "0" "2000" "-2000" "0" "0" "0" "21000"
"1526" "日馳            " "107000" "84000" "23000" "0" "0" "0" "0" "0" "0" "-2000" "0" "2000" "-2000" "0" "0" "0" "21000"
"1737" "臺鹽            " "23000" "0" "23000" "0" "0" "0" "0" "0" "0" "-3000" "0" "3000" "-3000" "0" "0" "0" "20000"
"3312" "弘憶股          " "57000" "30000" "27000" "0" "0" "0" "0" "0" "0" "-7000" "0" "7000" "-7000" "0" "0" "0" "20000"
"6416" "瑞祺電通        " "89000" "64000" "25000" "0" "0" "0" "0" "0" "0" "-5000" "0" "5000" "-5000" "0" "0" "0" "20000"
"2440" "太空梭          " "36000" "16000" "20000" "0" "0" "0" "0" "0" "0" "0" "0" "0" "0" "0" "0" "0" "20000"
"2849" "安泰銀          " "27000" "7000" "20000" "0" "0" "0" "0" "0" "0" "0" "0" "0" "0" "0" "0" "0" "20000"
"2247" "汎德永業        " "23006" "4000" "19006" "0" "0" "0" "0" "0" "0" "0" "0" "0" "0" "0" "0" "0" "19006"
"2033" "佳大            " "38000" "16000" "22000" "0" "0" "0" "0" "0" "0" "-3000" "0" "3000" "-3000" "0" "0" "0" "19000"
"6189" "豐藝            " "61000" "40000" "21000" "0" "0" "0" "1000" "0" "1000" "-3000" "0" "3000" "-3000" "0" "0" "0" "19000"
"4956" "光鋐            " "29000" "10000" "19000" "0" "0" "0" "0" "0" "0" "0" "0" "0" "0" "0" "0" "0" "19000"
"6754" "匯僑設計        " "41000" "21000" "20000" "0" "0" "0" "0" "0" "0" "-1000" "0" "1000" "-1000" "0" "0" "0" "19000"
"2020" "美亞            " "89000" "62000" "27000" "0" "0" "0" "0" "0" "0" "-8039" "0" "8039" "-8039" "0" "0" "0" "18961"
"2012" "春雨            " "23000" "0" "23000" "0" "0" "0" "0" "0" "0" "-5000" "0" "5000" "-5000" "0" "0" "0" "18000"
"4720" "德淵            " "66000" "38000" "28000" "0" "0" "0" "0" "0" "0" "-10000" "0" "10000" "-10000" "0" "0" "0" "18000"
"4764" "雙鍵            " "37000" "20000" "17000" "0" "0" "0" "0" "0" "0" "0" "0" "0" "0" "0" "0" "0" "17000"
"6573" "虹揚-KY         " "18000" "0" "18000" "0" "0" "0" "0" "0" "0" "-1000" "0" "1000" "-1000" "0" "0" "0" "17000"
"6585" "鼎基            " "21000" "4000" "17000" "0" "0" "0" "0" "0" "0" "0" "0" "0" "0" "0" "0" "0" "17000"
"2010" "春源            " "123000" "86000" "37000" "0" "0" "0" "0" "0" "0" "-20000" "6000" "26000" "-20000" "0" "0" "0" "17000"
"1535" "中宇            " "18000" "1000" "17000" "0" "0" "0" "0" "0" "0" "0" "0" "0" "0" "0" "0" "0" "17000"
"9935" "慶豐富          " "18000" "0" "18000" "0" "0" "0" "0" "0" "0" "-1000" "0" "1000" "-1000" "0" "0" "0" "17000"
"6206" "飛捷            " "121000" "98000" "23000" "0" "0" "0" "0" "0" "0" "-6215" "0" "7000" "-7000" "3000" "2215" "785" "16785"
"3686" "達能            " "23000" "7000" "16000" "0" "0" "0" "0" "0" "0" "0" "0" "0" "0" "0" "0" "0" "16000"
"2506" "太設            " "29000" "13000" "16000" "0" "0" "0" "0" "0" "0" "0" "0" "0" "0" "0" "0" "0" "16000"
"2362" "藍天            " "58000" "42000" "16000" "0" "0" "0" "1000" "0" "1000" "-2000" "0" "2000" "-2000" "0" "0" "0" "15000"
"4119" "旭富            " "108000" "88000" "20000" "0" "0" "0" "0" "0" "0" "-5000" "0" "5000" "-5000" "0" "0" "0" "15000"
"5007" "三星            " "28000" "2000" "26000" "0" "0" "0" "0" "0" "0" "-11000" "0" "11000" "-11000" "0" "0" "0" "15000"
"9930" "中聯資源        " "23001" "2000" "21001" "0" "0" "0" "0" "0" "0" "-6001" "0" "6000" "-6000" "0" "1" "-1" "15000"
"1341" "富林-KY         " "15000" "0" "15000" "0" "0" "0" "0" "0" "0" "-64" "0" "64" "-64" "0" "0" "0" "14936"
"6581" "鋼聯            " "21000" "6000" "15000" "0" "0" "0" "0" "0" "0" "-1000" "0" "1000" "-1000" "0" "0" "0" "14000"
"2706" "第一店          " "54000" "40000" "14000" "0" "0" "0" "0" "0" "0" "0" "0" "0" "0" "0" "0" "0" "14000"
"1339" "昭輝            " "52000" "36000" "16000" "0" "0" "0" "0" "0" "0" "-2156" "0" "2156" "-2156" "0" "0" "0" "13844"
"3257" "虹冠電          " "28000" "10000" "18000" "0" "0" "0" "0" "0" "0" "-4903" "0" "2000" "-2000" "97" "3000" "-2903" "13097"
"6184" "大豐電          " "13000" "0" "13000" "0" "0" "0" "0" "0" "0" "0" "0" "0" "0" "0" "0" "0" "13000"
"2415" "錩新            " "20000" "5000" "15000" "0" "0" "0" "0" "0" "0" "-2000" "0" "2000" "-2000" "0" "0" "0" "13000"
"1414" "東和            " "23000" "8000" "15000" "0" "0" "0" "0" "0" "0" "-2000" "0" "2000" "-2000" "0" "0" "0" "13000"
"1614" "三洋電          " "17000" "0" "17000" "0" "0" "0" "0" "0" "0" "-4000" "0" "4000" "-4000" "0" "0" "0" "13000"
"1903" "士紙            " "23000" "11000" "12000" "0" "0" "0" "0" "0" "0" "0" "0" "0" "0" "0" "0" "0" "12000"
"2101" "南港            " "160000" "138000" "22000" "0" "0" "0" "0" "0" "0" "-10000" "0" "10000" "-10000" "0" "0" "0" "12000"
"2466" "冠西電          " "14000" "2000" "12000" "0" "0" "0" "0" "0" "0" "0" "0" "0" "0" "0" "0" "0" "12000"
"2832" "台產            " "16000" "0" "16000" "0" "0" "0" "0" "0" "0" "-5000" "0" "5000" "-5000" "0" "0" "0" "11000"
"4526" "東台            " "17000" "6000" "11000" "0" "0" "0" "0" "0" "0" "0" "0" "0" "0" "0" "0" "0" "11000"
"6666" "羅麗芬-KY       " "31000" "20000" "11000" "0" "0" "0" "0" "0" "0" "0" "1000" "1000" "0" "0" "0" "0" "11000"
"1713" "國化            " "11000" "1000" "10000" "0" "0" "0" "0" "0" "0" "0" "0" "0" "0" "0" "0" "0" "10000"
"1236" "宏亞            " "26000" "16000" "10000" "0" "0" "0" "0" "0" "0" "0" "0" "0" "0" "0" "0" "0" "10000"
"3437" "榮創            " "12000" "2000" "10000" "0" "0" "0" "0" "0" "0" "0" "0" "0" "0" "0" "0" "0" "10000"
"2505" "國揚            " "60000" "34000" "26000" "0" "0" "0" "0" "0" "0" "-16000" "0" "16000" "-16000" "0" "0" "0" "10000"
"3010" "華立            " "69000" "78000" "-9000" "0" "0" "0" "26000" "0" "26000" "-7338" "0" "7338" "-7338" "0" "0" "0" "9662"
"9940" "信義            " "108392" "65000" "43392" "0" "0" "0" "0" "0" "0" "-34000" "3000" "37000" "-34000" "0" "0" "0" "9392"
"9905" "大華            " "13000" "1000" "12000" "0" "0" "0" "0" "0" "0" "-3000" "0" "3000" "-3000" "0" "0" "0" "9000"
"8021" "尖點            " "120000" "107000" "13000" "0" "0" "0" "0" "0" "0" "-4000" "1000" "5000" "-4000" "0" "0" "0" "9000"
"1597" "直得            " "18000" "10000" "8000" "0" "0" "0" "0" "0" "0" "1000" "1000" "0" "1000" "0" "0" "0" "9000"
"6715" "嘉基            " "59107" "94000" "-34893" "0" "0" "0" "0" "0" "0" "43001" "2000" "2000" "0" "43001" "0" "43001" "8108"
"6834" "天二科技        " "0" "12000" "-12000" "0" "0" "0" "0" "0" "0" "20000" "20000" "0" "20000" "0" "0" "0" "8000"
"9943" "好樂迪          " "34000" "25000" "9000" "0" "0" "0" "0" "0" "0" "-1000" "1000" "2000" "-1000" "0" "0" "0" "8000"
"3450" "聯鈞            " "72000" "58000" "14000" "0" "0" "0" "0" "0" "0" "-6000" "0" "6000" "-6000" "0" "0" "0" "8000"
"3704" "合勤控          " "906000" "797000" "109000" "0" "0" "0" "0" "0" "0" "-101000" "0" "23000" "-23000" "9000" "87000" "-78000" "8000"
"6115" "鎰勝            " "31000" "18000" "13000" "0" "0" "0" "0" "0" "0" "-5000" "0" "5000" "-5000" "0" "0" "0" "8000"
"2527" "宏璟            " "38000" "15000" "23000" "0" "0" "0" "0" "0" "0" "-15121" "3000" "18121" "-15121" "0" "0" "0" "7879"
"6451" "訊芯-KY         " "37000" "26000" "11000" "0" "0" "0" "0" "0" "0" "-3940" "60" "4000" "-3940" "0" "0" "0" "7060"
"8163" "達方            " "159000" "154000" "5000" "0" "0" "0" "0" "0" "0" "2017" "10000" "7983" "2017" "0" "0" "0" "7017"
"8463" "潤泰材          " "15000" "6000" "9000" "0" "0" "0" "0" "0" "0" "-2000" "0" "2000" "-2000" "0" "0" "0" "7000"
"6598" "ABC-KY          " "27000" "19000" "8000" "0" "0" "0" "0" "0" "0" "-1000" "0" "1000" "-1000" "0" "0" "0" "7000"
"2032" "新鋼            " "108000" "98000" "10000" "0" "0" "0" "0" "0" "0" "-3826" "174" "4000" "-3826" "0" "0" "0" "6174"
"2239" "英利-KY         " "38000" "29000" "9000" "0" "0" "0" "0" "0" "0" "-3000" "1000" "4000" "-3000" "0" "0" "0" "6000"
"1626" "艾美特-KY       " "10000" "2000" "8000" "0" "0" "0" "0" "0" "0" "-2000" "0" "2000" "-2000" "0" "0" "0" "6000"
"1443" "立益物流        " "7000" "1000" "6000" "0" "0" "0" "0" "0" "0" "0" "0" "0" "0" "0" "0" "0" "6000"
"3167" "大量            " "17000" "7000" "10000" "0" "0" "0" "0" "0" "0" "-4000" "0" "4000" "-4000" "0" "0" "0" "6000"
"6112" "邁達特          " "14000" "3000" "11000" "0" "0" "0" "0" "0" "0" "-5545" "0" "6000" "-6000" "1000" "545" "455" "5455"
"1256" "鮮活果汁-KY     " "9035" "5000" "4035" "0" "0" "0" "0" "0" "0" "1000" "1000" "0" "1000" "0" "0" "0" "5035"
"1419" "新紡            " "11000" "0" "11000" "0" "0" "0" "0" "0" "0" "-6000" "0" "6000" "-6000" "0" "0" "0" "5000"
"1612" "宏泰            " "237000" "218000" "19000" "0" "0" "0" "1000" "0" "1000" "-15000" "6000" "21000" "-15000" "0" "0" "0" "5000"
"1731" "美吾華          " "13000" "6000" "7000" "0" "0" "0" "0" "0" "0" "-2000" "0" "2000" "-2000" "0" "0" "0" "5000"
"5244" "弘凱            " "5000" "0" "5000" "0" "0" "0" "0" "0" "0" "0" "0" "0" "0" "0" "0" "0" "5000"
"4545" "銘鈺            " "7000" "0" "7000" "0" "0" "0" "0" "0" "0" "-2000" "0" "2000" "-2000" "0" "0" "0" "5000"
"2423" "固緯            " "14000" "7000" "7000" "0" "0" "0" "0" "0" "0" "-2000" "0" "2000" "-2000" "0" "0" "0" "5000"
"2397" "友通            " "3000" "0" "3000" "0" "0" "0" "0" "0" "0" "2000" "2000" "0" "2000" "0" "0" "0" "5000"
"3052" "夆典            " "5000" "0" "5000" "0" "0" "0" "0" "0" "0" "0" "0" "0" "0" "0" "0" "0" "5000"
"8201" "無敵            " "6000" "1000" "5000" "0" "0" "0" "0" "0" "0" "0" "0" "0" "0" "0" "0" "0" "5000"
"9937" "全國            " "8000" "1000" "7000" "0" "0" "0" "0" "0" "0" "-2000" "0" "2000" "-2000" "0" "0" "0" "5000"
"9906" "欣巴巴          " "8000" "3000" "5000" "0" "0" "0" "0" "0" "0" "0" "0" "0" "0" "0" "0" "0" "5000"
"910322" "康師傅-DR       " "5000" "0" "5000" "0" "0" "0" "0" "0" "0" "0" "0" "0" "0" "0" "0" "0" "5000"
"8271" "宇瞻            " "48000" "37000" "11000" "0" "0" "0" "0" "0" "0" "-6024" "0" "6024" "-6024" "0" "0" "0" "4976"
"1340" "勝悅-KY         " "6000" "0" "6000" "0" "0" "0" "0" "0" "0" "-1170" "2000" "3170" "-1170" "0" "0" "0" "4830"
"2404" "漢唐            " "276011" "265000" "11011" "0" "0" "0" "0" "0" "0" "-7000" "4000" "11000" "-7000" "0" "0" "0" "4011"
"6166" "凌華            " "32002" "20000" "12002" "0" "0" "0" "0" "0" "0" "-8000" "0" "5000" "-5000" "0" "3000" "-3000" "4002"
"4108" "懷特            " "5000" "1000" "4000" "0" "0" "0" "0" "0" "0" "0" "0" "0" "0" "0" "0" "0" "4000"
"2516" "新建            " "7000" "3000" "4000" "0" "0" "0" "0" "0" "0" "0" "0" "0" "0" "0" "0" "0" "4000"
"3055" "蔚華科          " "8000" "4000" "4000" "0" "0" "0" "0" "0" "0" "0" "0" "0" "0" "0" "0" "0" "4000"
"1459" "聯發            " "10000" "6000" "4000" "0" "0" "0" "0" "0" "0" "0" "0" "0" "0" "0" "0" "0" "4000"
"1452" "宏益            " "8000" "2000" "6000" "0" "0" "0" "0" "0" "0" "-2000" "0" "2000" "-2000" "0" "0" "0" "4000"
"1417" "嘉裕            " "871562" "864000" "7562" "0" "0" "0" "0" "0" "0" "-4000" "0" "4000" "-4000" "0" "0" "0" "3562"
"1436" "華友聯          " "4000" "0" "4000" "0" "0" "0" "0" "0" "0" "-1000" "0" "1000" "-1000" "0" "0" "0" "3000"
"1730" "花仙子          " "3000" "0" "3000" "0" "0" "0" "0" "0" "0" "0" "0" "0" "0" "0" "0" "0" "3000"
"1603" "華電            " "54000" "50000" "4000" "0" "0" "0" "1000" "0" "1000" "-2000" "0" "2000" "-2000" "0" "0" "0" "3000"
"2250" "IKKA-KY         " "5000" "2000" "3000" "0" "0" "0" "0" "0" "0" "0" "0" "0" "0" "0" "0" "0" "3000"
"2739" "寒舍            " "15000" "12000" "3000" "0" "0" "0" "0" "0" "0" "0" "0" "0" "0" "0" "0" "0" "3000"
"2491" "吉祥全          " "6000" "3000" "3000" "0" "0" "0" "0" "0" "0" "0" "0" "0" "0" "0" "0" "0" "3000"
"4440" "宜新實業        " "3000" "0" "3000" "0" "0" "0" "0" "0" "0" "0" "0" "0" "0" "0" "0" "0" "3000"
"6579" "研揚            " "17000" "9000" "8000" "0" "0" "0" "0" "0" "0" "-5000" "0" "5000" "-5000" "12000" "12000" "0" "3000"
"6277" "宏正            " "10000" "4000" "6000" "0" "0" "0" "0" "0" "0" "-3000" "0" "3000" "-3000" "0" "0" "0" "3000"
"8367" "建新國際        " "3000" "0" "3000" "0" "0" "0" "0" "0" "0" "0" "0" "0" "0" "0" "0" "0" "3000"
"8473" "山林水          " "3000" "0" "3000" "0" "0" "0" "0" "0" "0" "0" "0" "0" "0" "0" "0" "0" "3000"
"9924" "福興            " "21000" "18010" "2990" "0" "0" "0" "0" "0" "0" "0" "0" "0" "0" "0" "0" "0" "2990"
"4999" "鑫禾            " "5000" "0" "5000" "0" "0" "0" "0" "0" "0" "-2105" "0" "2105" "-2105" "0" "0" "0" "2895"
"2450" "神腦            " "13000" "4000" "9000" "0" "0" "0" "0" "0" "0" "-6345" "1286" "7631" "-6345" "0" "0" "0" "2655"
"2433" "互盛電          " "5004" "1000" "4004" "0" "0" "0" "0" "0" "0" "-2000" "0" "2000" "-2000" "0" "0" "0" "2004"
"2114" "鑫永銓          " "6003" "1000" "5003" "0" "0" "0" "0" "0" "0" "-3000" "0" "3000" "-3000" "0" "0" "0" "2003"
"2236" "百達-KY         " "2000" "0" "2000" "0" "0" "0" "0" "0" "0" "0" "1000" "1000" "0" "0" "0" "0" "2000"
"1589" "永冠-KY         " "50000" "43000" "7000" "0" "0" "0" "0" "0" "0" "-5000" "0" "5000" "-5000" "0" "0" "0" "2000"
"1617" "榮星            " "2000" "0" "2000" "0" "0" "0" "0" "0" "0" "0" "0" "0" "0" "0" "0" "0" "2000"
"1776" "展宇            " "2000" "0" "2000" "0" "0" "0" "0" "0" "0" "0" "0" "0" "0" "0" "0" "0" "2000"
"1437" "勤益控          " "13000" "7000" "6000" "0" "0" "0" "0" "0" "0" "-4000" "0" "4000" "-4000" "0" "0" "0" "2000"
"1438" "三地開發        " "2000" "0" "2000" "0" "0" "0" "0" "0" "0" "0" "0" "0" "0" "0" "0" "0" "2000"
"1233" "天仁            " "2000" "0" "2000" "0" "0" "0" "0" "0" "0" "0" "0" "0" "0" "0" "0" "0" "2000"
"2493" "揚博            " "14000" "10000" "4000" "0" "0" "0" "0" "0" "0" "-2000" "0" "2000" "-2000" "0" "0" "0" "2000"
"2496" "卓越            " "2000" "0" "2000" "0" "0" "0" "0" "0" "0" "0" "0" "0" "0" "0" "0" "0" "2000"
"2528" "皇普            " "4000" "2000" "2000" "0" "0" "0" "0" "0" "0" "0" "0" "0" "0" "0" "0" "0" "2000"
"2365" "昆盈            " "39000" "33000" "6000" "0" "0" "0" "0" "0" "0" "-4000" "0" "4000" "-4000" "0" "0" "0" "2000"
"2881B" "富邦金乙特      " "0" "0" "0" "0" "0" "0" "0" "0" "0" "2000" "2000" "0" "2000" "0" "0" "0" "2000"
"2891C" "中信金丙特      " "0" "0" "0" "0" "0" "0" "0" "0" "0" "2000" "2000" "0" "2000" "0" "0" "0" "2000"
"6165" "浪凡            " "16000" "13000" "3000" "0" "0" "0" "0" "0" "0" "-1000" "0" "1000" "-1000" "0" "0" "0" "2000"
"9136" "巨騰-DR         " "2000" "0" "2000" "0" "0" "0" "0" "0" "0" "0" "0" "0" "0" "0" "0" "0" "2000"
"6695" "芯鼎            " "73000" "71000" "2000" "0" "0" "0" "0" "0" "0" "0" "0" "0" "0" "0" "0" "0" "2000"
"9931" "欣高            " "2000" "10" "1990" "0" "0" "0" "0" "0" "0" "0" "0" "0" "0" "0" "0" "0" "1990"
"2430" "燦坤            " "13590" "8000" "5590" "0" "0" "0" "0" "0" "0" "-4000" "0" "4000" "-4000" "0" "0" "0" "1590"
"1203" "味王            " "2019" "1000" "1019" "0" "0" "0" "0" "0" "0" "0" "0" "0" "0" "0" "0" "0" "1019"
"1468" "昶和            " "1000" "0" "1000" "0" "0" "0" "0" "0" "0" "0" "0" "0" "0" "0" "0" "0" "1000"
"1752" "南光            " "8000" "7000" "1000" "0" "0" "0" "0" "0" "0" "0" "0" "0" "0" "0" "0" "0" "1000"
"2115" "六暉-KY         " "1000" "0" "1000" "0" "0" "0" "0" "0" "0" "0" "0" "0" "0" "0" "0" "0" "1000"
"2910" "統領            " "1000" "0" "1000" "0" "0" "0" "0" "0" "0" "0" "0" "0" "0" "0" "0" "0" "1000"
"2881C" "富邦金丙特      " "1000" "0" "1000" "0" "0" "0" "0" "0" "0" "0" "0" "0" "0" "0" "0" "0" "1000"
"2630" "亞航            " "2000" "1000" "1000" "0" "0" "0" "0" "0" "0" "0" "0" "0" "0" "0" "0" "0" "1000"
"5525" "順天            " "1000" "0" "1000" "0" "0" "0" "0" "0" "0" "0" "0" "0" "0" "0" "0" "0" "1000"
"5283" "禾聯碩          " "4000" "3000" "1000" "0" "0" "0" "0" "0" "0" "0" "0" "0" "0" "0" "0" "0" "1000"
"5484" "慧友            " "1000" "0" "1000" "0" "0" "0" "0" "0" "0" "0" "0" "0" "0" "0" "0" "0" "1000"
"6641" "基士德-KY       " "1000" "0" "1000" "0" "0" "0" "0" "0" "0" "0" "0" "0" "0" "0" "0" "0" "1000"
"6431" "光麗-KY         " "2000" "1000" "1000" "0" "0" "0" "0" "0" "0" "0" "0" "0" "0" "0" "0" "0" "1000"
"4562" "穎漢            " "1000" "0" "1000" "0" "0" "0" "0" "0" "0" "0" "0" "0" "0" "0" "0" "0" "1000"
"4571" "鈞興-KY         " "1000" "0" "1000" "0" "0" "0" "0" "0" "0" "0" "0" "0" "0" "0" "0" "0" "1000"
"3057" "喬鼎            " "1000" "0" "1000" "0" "0" "0" "0" "0" "0" "0" "0" "0" "0" "0" "0" "0" "1000"
"3543" "州巧            " "1000" "0" "1000" "0" "0" "0" "0" "0" "0" "0" "0" "0" "0" "0" "0" "0" "1000"
"3622" "洋華            " "16000" "9000" "7000" "0" "0" "0" "0" "0" "0" "-6000" "0" "6000" "-6000" "0" "0" "0" "1000"
"9926" "新海            " "1000" "0" "1000" "0" "0" "0" "0" "0" "0" "0" "0" "0" "0" "0" "0" "0" "1000"
"8482" "商億-KY         " "2000" "1000" "1000" "0" "0" "0" "0" "0" "0" "0" "0" "0" "0" "0" "0" "0" "1000"
"2535" "達欣工          " "48000" "30000" "18000" "0" "0" "0" "1000" "0" "1000" "-18028" "0" "18028" "-18028" "0" "0" "0" "972"
"6108" "競國            " "4000" "4000" "0" "0" "0" "0" "0" "0" "0" "873" "8000" "7127" "873" "0" "0" "0" "873"
"2548" "華固            " "112000" "162000" "-50000" "0" "0" "0" "0" "0" "0" "50088" "69000" "18912" "50088" "0" "0" "0" "88"
"1418" "東華            " "0" "0" "0" "0" "0" "0" "0" "0" "0" "35" "36" "1" "35" "0" "0" "0" "35"
"6449" "鈺邦            " "3" "0" "3" "0" "0" "0" "0" "0" "0" "0" "0" "0" "0" "0" "0" "0" "3"
"6281" "全國電          " "3000" "2000" "1000" "0" "0" "0" "0" "0" "0" "-1000" "0" "1000" "-1000" "0" "0" "0" "0"
"5538" "東明-KY         " "1000" "1000" "0" "0" "0" "0" "0" "0" "0" "0" "0" "0" "0" "0" "0" "0" "0"
"3528" "安馳            " "1000" "1000" "0" "0" "0" "0" "0" "0" "0" "0" "0" "0" "0" "0" "0" "0" "0"
"3266" "昇陽            " "1000" "1000" "0" "0" "0" "0" "0" "0" "0" "0" "0" "0" "0" "0" "0" "0" "0"
"3321" "同泰            " "1000" "1000" "0" "0" "0" "0" "0" "0" "0" "0" "0" "0" "0" "0" "0" "0" "0"
"3229" "晟鈦            " "1000" "1000" "0" "0" "0" "0" "0" "0" "0" "0" "0" "0" "0" "0" "0" "0" "0"
"4722" "國精化          " "2000" "2000" "0" "0" "0" "0" "0" "0" "0" "0" "0" "0" "0" "0" "0" "0" "0"
"3021" "鴻名            " "22000" "21000" "1000" "0" "0" "0" "0" "0" "0" "-1000" "0" "1000" "-1000" "0" "0" "0" "0"
"2543" "皇昌            " "1000" "1000" "0" "0" "0" "0" "0" "0" "0" "0" "0" "0" "0" "0" "0" "0" "0"
"1423" "利華            " "10000" "8000" "2000" "0" "0" "0" "0" "0" "0" "-2000" "0" "2000" "-2000" "0" "0" "0" "0"
"1521" "大億            " "1000" "0" "1000" "0" "0" "0" "0" "0" "0" "-1000" "0" "1000" "-1000" "0" "0" "0" "0"
"1108" "幸福            " "9000" "9000" "0" "0" "0" "0" "0" "0" "0" "0" "0" "0" "0" "0" "0" "0" "0"
"1323" "永裕            " "2000" "0" "2000" "0" "0" "0" "0" "0" "0" "-2000" "0" "2000" "-2000" "0" "0" "0" "0"
"1324" "地球            " "1000" "1000" "0" "0" "0" "0" "0" "0" "0" "0" "0" "0" "0" "0" "0" "0" "0"
"1315" "達新            " "2000" "0" "2000" "0" "0" "0" "0" "0" "0" "-2000" "0" "2000" "-2000" "0" "0" "0" "0"
"1541" "錩泰            " "1000" "1000" "0" "0" "0" "0" "0" "0" "0" "0" "0" "0" "0" "0" "0" "0" "0"
"8466" "美吉吉-KY       " "6000" "6000" "0" "0" "0" "0" "0" "0" "0" "0" "0" "0" "0" "0" "0" "0" "0"
"9944" "新麗            " "2000" "0" "2000" "0" "0" "0" "0" "0" "0" "-2000" "0" "2000" "-2000" "0" "0" "0" "0"
"9946" "三發地產        " "1000" "1000" "0" "0" "0" "0" "0" "0" "0" "0" "0" "0" "0" "0" "0" "0" "0"
"8374" "羅昇            " "3000" "1000" "2000" "0" "0" "0" "0" "0" "0" "-2000" "0" "2000" "-2000" "0" "0" "0" "0"
"6671" "三能-KY         " "0" "0" "0" "0" "0" "0" "0" "0" "0" "-5" "0" "5" "-5" "0" "0" "0" "-5"
"1470" "大統新創        " "2000" "2010" "-10" "0" "0" "0" "0" "0" "0" "0" "0" "0" "0" "0" "0" "0" "-10"
"8112A" "至上甲特        " "0" "29" "-29" "0" "0" "0" "0" "0" "0" "0" "0" "0" "0" "0" "0" "0" "-29"
"2597" "潤弘            " "50000" "42000" "8000" "0" "0" "0" "0" "0" "0" "-8062" "1000" "9062" "-8062" "0" "0" "0" "-62"
"1598" "岱宇            " "33597" "28000" "5597" "0" "0" "0" "1000" "0" "1000" "-7020" "0" "7020" "-7020" "0" "0" "0" "-423"
"2348A" "海悅甲特        " "0" "668" "-668" "0" "0" "0" "0" "0" "0" "0" "0" "0" "0" "0" "0" "0" "-668"
"2013" "中鋼構          " "51000" "39000" "12000" "0" "0" "0" "0" "0" "0" "-12709" "291" "10000" "-9709" "0" "3000" "-3000" "-709"
"3679" "新至陞          " "6009" "4000" "2009" "0" "0" "0" "0" "0" "0" "-3000" "0" "3000" "-3000" "0" "0" "0" "-991"
"3130" "一零四          " "0" "1999" "-1999" "0" "0" "0" "0" "0" "0" "1000" "1000" "0" "1000" "0" "0" "0" "-999"
"4552" "力達-KY         " "0" "0" "0" "0" "0" "0" "0" "0" "0" "-1000" "0" "1000" "-1000" "0" "0" "0" "-1000"
"2429" "銘旺科          " "4000" "5000" "-1000" "0" "0" "0" "0" "0" "0" "0" "0" "0" "0" "0" "0" "0" "-1000"
"2509" "全坤建          " "2000" "3000" "-1000" "0" "0" "0" "0" "0" "0" "0" "0" "0" "0" "0" "0" "0" "-1000"
"3040" "遠見            " "1000" "1000" "0" "0" "0" "0" "0" "0" "0" "-1000" "0" "1000" "-1000" "0" "0" "0" "-1000"
"2008" "高興昌          " "1000" "2000" "-1000" "0" "0" "0" "0" "0" "0" "0" "0" "0" "0" "0" "0" "0" "-1000"
"1463" "強盛            " "2000" "0" "2000" "0" "0" "0" "0" "0" "0" "-3000" "0" "3000" "-3000" "0" "0" "0" "-1000"
"1446" "宏和            " "7000" "8000" "-1000" "0" "0" "0" "0" "0" "0" "0" "2000" "2000" "0" "0" "0" "0" "-1000"
"1441" "大東            " "0" "1000" "-1000" "0" "0" "0" "0" "0" "0" "0" "0" "0" "0" "0" "0" "0" "-1000"
"8438" "昶昕            " "2000" "3000" "-1000" "0" "0" "0" "0" "0" "0" "0" "0" "0" "0" "0" "0" "0" "-1000"
"8443" "阿瘦            " "0" "0" "0" "0" "0" "0" "0" "0" "0" "-1000" "0" "1000" "-1000" "0" "0" "0" "-1000"
"911608" "明輝-DR         " "0" "1000" "-1000" "0" "0" "0" "0" "0" "0" "0" "0" "0" "0" "0" "0" "0" "-1000"
"911868" "同方友友-DR     " "0" "1000" "-1000" "0" "0" "0" "0" "0" "0" "0" "0" "0" "0" "0" "0" "0" "-1000"
"9912" "偉聯            " "1000" "2000" "-1000" "0" "0" "0" "0" "0" "0" "0" "0" "0" "0" "0" "0" "0" "-1000"
"6215" "和椿            " "41000" "41000" "0" "0" "0" "0" "0" "0" "0" "-1225" "0" "1225" "-1225" "0" "0" "0" "-1225"
"8462" "柏文            " "13000" "11000" "2000" "0" "0" "0" "0" "0" "0" "-3746" "0" "4000" "-4000" "1000" "746" "254" "-1746"
"9934" "成霖            " "49000" "46900" "2100" "0" "0" "0" "0" "0" "0" "-4000" "0" "4000" "-4000" "0" "0" "0" "-1900"
"6776" "展碁國際        " "0" "2000" "-2000" "0" "0" "0" "0" "0" "0" "0" "0" "0" "0" "0" "0" "0" "-2000"
"6504" "南六            " "6000" "7000" "-1000" "0" "0" "0" "0" "0" "0" "-1000" "1000" "2000" "-1000" "0" "0" "0" "-2000"
"6655" "科定            " "0" "1000" "-1000" "0" "0" "0" "0" "0" "0" "-1000" "0" "1000" "-1000" "0" "0" "0" "-2000"
"4439" "冠星-KY         " "0" "2000" "-2000" "0" "0" "0" "0" "0" "0" "0" "0" "0" "0" "0" "0" "0" "-2000"
"2838A" "聯邦銀甲特      " "0" "2000" "-2000" "0" "0" "0" "0" "0" "0" "0" "0" "0" "0" "0" "0" "0" "-2000"
"2545" "皇翔            " "53000" "48000" "5000" "0" "0" "0" "0" "0" "0" "-7000" "0" "7000" "-7000" "0" "0" "0" "-2000"
"1456" "怡華            " "3000" "3000" "0" "0" "0" "0" "0" "0" "0" "-2000" "0" "2000" "-2000" "0" "0" "0" "-2000"
"2241" "艾姆勒          " "5000" "5000" "0" "0" "0" "0" "0" "0" "0" "-2000" "0" "2000" "-2000" "0" "0" "0" "-2000"
"1817" "凱撒衛          " "2000" "4000" "-2000" "0" "0" "0" "0" "0" "0" "0" "0" "0" "0" "0" "0" "0" "-2000"
"2024" "志聯            " "0" "1000" "-1000" "0" "0" "0" "0" "0" "0" "-1001" "0" "1001" "-1001" "0" "0" "0" "-2001"
"1503" "士電            " "42000" "22010" "19990" "0" "0" "0" "1000" "0" "1000" "-23000" "0" "23000" "-23000" "0" "0" "0" "-2010"
"6183" "關貿            " "8000" "5000" "3000" "0" "0" "0" "0" "0" "0" "-5224" "0" "5224" "-5224" "0" "0" "0" "-2224"
"1604" "聲寶            " "56000" "37000" "19000" "0" "0" "0" "0" "0" "0" "-21331" "1000" "22331" "-21331" "0" "0" "0" "-2331"
"6141" "柏承            " "0" "1000" "-1000" "0" "0" "0" "0" "0" "0" "-1868" "132" "2000" "-1868" "0" "0" "0" "-2868"
"6464" "台數科          " "0" "3000" "-3000" "0" "0" "0" "0" "0" "0" "0" "0" "0" "0" "0" "0" "0" "-3000"
"4766" "南寶            " "26000" "22000" "4000" "0" "0" "0" "0" "0" "0" "-7000" "0" "4000" "-4000" "0" "3000" "-3000" "-3000"
"3032" "偉訓            " "0" "3000" "-3000" "0" "0" "0" "0" "0" "0" "0" "0" "0" "0" "0" "0" "0" "-3000"
"2904" "匯僑            " "0" "3000" "-3000" "0" "0" "0" "0" "0" "0" "0" "0" "0" "0" "0" "0" "0" "-3000"
"1615" "大山            " "0" "0" "0" "0" "0" "0" "0" "0" "0" "-3000" "0" "3000" "-3000" "0" "0" "0" "-3000"
"1762" "中化生          " "59000" "58000" "1000" "0" "0" "0" "0" "0" "0" "-4000" "0" "4000" "-4000" "0" "0" "0" "-3000"
"1530" "亞崴            " "2000" "5000" "-3000" "0" "0" "0" "0" "0" "0" "0" "0" "0" "0" "0" "0" "0" "-3000"
"8499" "鼎炫-KY         " "8000" "10000" "-2000" "0" "0" "0" "0" "0" "0" "-1000" "1000" "2000" "-1000" "0" "0" "0" "-3000"
"6136" "富爾特          " "1000" "0" "1000" "0" "0" "0" "0" "0" "0" "-4002" "0" "4002" "-4002" "0" "0" "0" "-3002"
"1227" "佳格            " "138000" "120000" "18000" "0" "0" "0" "1000" "0" "1000" "-22538" "0" "25538" "-25538" "3000" "0" "3000" "-3538"
"1321" "大洋            " "12000" "9000" "3000" "0" "0" "0" "0" "0" "0" "-7000" "0" "7000" "-7000" "0" "0" "0" "-4000"
"1465" "偉全            " "0" "2000" "-2000" "0" "0" "0" "0" "0" "0" "-2000" "0" "2000" "-2000" "0" "0" "0" "-4000"
"4994" "傳奇            " "2000" "1000" "1000" "0" "0" "0" "0" "0" "0" "-5000" "0" "5000" "-5000" "0" "0" "0" "-4000"
"3149" "正達            " "64000" "60000" "4000" "0" "0" "0" "0" "0" "0" "-8000" "0" "8000" "-8000" "0" "0" "0" "-4000"
"8488" "吉源-KY         " "0" "4000" "-4000" "0" "0" "0" "0" "0" "0" "0" "0" "0" "0" "0" "0" "0" "-4000"
"912000" "晨訊科-DR       " "0" "5000" "-5000" "0" "0" "0" "0" "0" "0" "0" "0" "0" "0" "0" "0" "0" "-5000"
"4737" "華廣            " "3000" "8000" "-5000" "0" "0" "0" "0" "0" "0" "0" "0" "0" "0" "0" "0" "0" "-5000"
"4943" "康控-KY         " "0" "5000" "-5000" "0" "0" "0" "0" "0" "0" "0" "0" "0" "0" "0" "0" "0" "-5000"
"2911" "麗嬰房          " "1000" "6000" "-5000" "0" "0" "0" "0" "0" "0" "0" "0" "0" "0" "0" "0" "0" "-5000"
"1235" "興泰            " "0" "5000" "-5000" "0" "0" "0" "0" "0" "0" "0" "0" "0" "0" "0" "0" "0" "-5000"
"1732" "毛寶            " "147000" "152000" "-5000" "0" "0" "0" "0" "0" "0" "0" "0" "0" "0" "0" "0" "0" "-5000"
"2002A" "中鋼特          " "0" "0" "0" "0" "0" "0" "0" "0" "0" "-5000" "0" "5000" "-5000" "0" "0" "0" "-5000"
"4555" "氣立            " "0" "3000" "-3000" "0" "0" "0" "0" "0" "0" "-2001" "0" "2001" "-2001" "0" "0" "0" "-5001"
"2514" "龍邦            " "6000" "0" "6000" "0" "0" "0" "0" "0" "0" "-11006" "0" "11006" "-11006" "0" "0" "0" "-5006"
"3550" "聯穎            " "462" "4000" "-3538" "0" "0" "0" "0" "0" "0" "-2228" "0" "2228" "-2228" "0" "0" "0" "-5766"
"4942" "嘉彰            " "19000" "22000" "-3000" "0" "0" "0" "0" "0" "0" "-3000" "0" "3000" "-3000" "0" "0" "0" "-6000"
"5871A" "中租-KY甲特     " "0" "6000" "-6000" "0" "0" "0" "0" "0" "0" "0" "0" "0" "0" "0" "0" "0" "-6000"
"6405" "悅城            " "3000" "7000" "-4000" "0" "0" "0" "0" "0" "0" "-2000" "1000" "3000" "-2000" "0" "0" "0" "-6000"
"2524" "京城            " "5000" "7000" "-2000" "0" "0" "0" "0" "0" "0" "-4000" "0" "4000" "-4000" "0" "0" "0" "-6000"
"1726" "永記            " "4000" "3000" "1000" "0" "0" "0" "0" "0" "0" "-7000" "0" "7000" "-7000" "0" "0" "0" "-6000"
"1225" "福懋油          " "2000" "7000" "-5000" "0" "0" "0" "0" "0" "0" "-1000" "0" "1000" "-1000" "0" "0" "0" "-6000"
"1537" "廣隆            " "7000" "8000" "-1000" "0" "0" "0" "0" "0" "0" "-5000" "0" "5000" "-5000" "0" "0" "0" "-6000"
"1525" "江申            " "4000" "8000" "-4000" "0" "0" "0" "0" "0" "0" "-2000" "0" "2000" "-2000" "0" "0" "0" "-6000"
"1445" "大宇            " "0" "6000" "-6000" "0" "0" "0" "0" "0" "0" "0" "0" "0" "0" "0" "0" "0" "-6000"
"1439" "雋揚            " "0" "6000" "-6000" "0" "0" "0" "0" "0" "0" "-1000" "1000" "2000" "-1000" "0" "0" "0" "-7000"
"2233" "宇隆            " "33000" "40000" "-7000" "0" "0" "0" "0" "0" "0" "0" "0" "0" "0" "0" "0" "0" "-7000"
"2227" "裕日車          " "20000" "22000" "-2000" "0" "0" "0" "0" "0" "0" "-5000" "0" "2000" "-2000" "0" "3000" "-3000" "-7000"
"6799" "來頡            " "24000" "31000" "-7000" "0" "0" "0" "0" "0" "0" "0" "0" "0" "0" "0" "0" "0" "-7000"
"2420" "新巨            " "29000" "30000" "-1000" "0" "0" "0" "0" "0" "0" "-6300" "0" "6300" "-6300" "0" "0" "0" "-7300"
"2891B" "中信金乙特      " "0" "0" "0" "0" "0" "0" "0" "0" "0" "-8000" "0" "8000" "-8000" "0" "0" "0" "-8000"
"2881A" "富邦特          " "0" "8000" "-8000" "0" "0" "0" "0" "0" "0" "0" "0" "0" "0" "0" "0" "0" "-8000"
"3311" "閎暉            " "0" "6000" "-6000" "0" "0" "0" "0" "0" "0" "-2000" "0" "2000" "-2000" "0" "0" "0" "-8000"
"1475" "業旺            " "8000" "14000" "-6000" "0" "0" "0" "0" "0" "0" "-2000" "0" "2000" "-2000" "0" "0" "0" "-8000"
"8429" "金麗-KY         " "3000" "10000" "-7000" "0" "0" "0" "0" "0" "0" "-1479" "3000" "4479" "-1479" "0" "0" "0" "-8479"
"1466" "聚隆            " "0" "8000" "-8000" "0" "0" "0" "0" "0" "0" "-1000" "0" "1000" "-1000" "0" "0" "0" "-9000"
"2887E" "台新戊特        " "1000" "10000" "-9000" "0" "0" "0" "0" "0" "0" "0" "0" "0" "0" "0" "0" "0" "-9000"
"6197" "佳必琪          " "28000" "34000" "-6000" "0" "0" "0" "0" "0" "0" "-3148" "1041" "4189" "-3148" "0" "0" "0" "-9148"
"2467" "志聖            " "20013" "27000" "-6987" "0" "0" "0" "0" "0" "0" "-2780" "3220" "6000" "-2780" "0" "0" "0" "-9767"
"3015" "全漢            " "5002" "10000" "-4998" "0" "0" "0" "0" "0" "0" "-5000" "0" "5000" "-5000" "0" "0" "0" "-9998"
"4934" "太極            " "81000" "91000" "-10000" "0" "0" "0" "0" "0" "0" "0" "0" "0" "0" "0" "0" "0" "-10000"
"1701" "中化            " "58000" "66000" "-8000" "0" "0" "0" "2000" "0" "2000" "-4000" "0" "4000" "-4000" "0" "0" "0" "-10000"
"6698" "旭暉應材        " "6000" "15000" "-9000" "0" "0" "0" "0" "0" "0" "-1000" "0" "1000" "-1000" "0" "0" "0" "-10000"
"6230" "尼得科超眾      " "25000" "31000" "-6000" "0" "0" "0" "0" "0" "0" "-4155" "0" "2155" "-2155" "0" "2000" "-2000" "-10155"
"3416" "融程電          " "5000" "15000" "-10000" "0" "0" "0" "0" "0" "0" "-382" "0" "1000" "-1000" "1000" "382" "618" "-10382"
"3031" "佰鴻            " "6000" "9000" "-3000" "0" "0" "0" "0" "0" "0" "-7406" "0" "7406" "-7406" "0" "0" "0" "-10406"
"3036A" "文曄甲特        " "0" "0" "0" "0" "0" "0" "0" "0" "0" "-11000" "0" "11000" "-11000" "0" "0" "0" "-11000"
"2373" "震旦行          " "41000" "46000" "-5000" "0" "0" "0" "0" "0" "0" "-6000" "0" "6000" "-6000" "0" "0" "0" "-11000"
"4560" "強信-KY         " "16000" "27000" "-11000" "0" "0" "0" "0" "0" "0" "0" "0" "0" "0" "0" "0" "0" "-11000"
"6128" "上福            " "4000" "10000" "-6000" "0" "0" "0" "0" "0" "0" "-5000" "0" "5000" "-5000" "0" "0" "0" "-11000"
"9902" "台火            " "104000" "112000" "-8000" "0" "0" "0" "0" "0" "0" "-3000" "0" "3000" "-3000" "0" "0" "0" "-11000"
"2109" "華豐            " "2000" "8000" "-6000" "0" "0" "0" "0" "0" "0" "-6000" "0" "6000" "-6000" "0" "0" "0" "-12000"
"2471" "資通            " "11000" "23000" "-12000" "0" "0" "0" "0" "0" "0" "0" "0" "0" "0" "0" "0" "0" "-12000"
"2616" "山隆            " "14000" "20000" "-6000" "0" "0" "0" "0" "0" "0" "-6000" "0" "6000" "-6000" "0" "0" "0" "-12000"
"2426" "鼎元            " "113668" "131000" "-17332" "0" "0" "0" "0" "0" "0" "5000" "19000" "14000" "5000" "0" "0" "0" "-12332"
"2546" "根基            " "28000" "40000" "-12000" "0" "0" "0" "0" "0" "0" "-475" "0" "475" "-475" "0" "0" "0" "-12475"
"2316" "楠梓電          " "9000" "15000" "-6000" "0" "0" "0" "0" "0" "0" "-6981" "19" "7000" "-6981" "0" "0" "0" "-12981"
"3002" "歐格            " "31000" "44000" "-13000" "0" "0" "0" "0" "0" "0" "0" "0" "0" "0" "0" "0" "0" "-13000"
"3058" "立德            " "16000" "29000" "-13000" "0" "0" "0" "0" "0" "0" "0" "0" "0" "0" "0" "0" "0" "-13000"
"6409" "旭隼            " "188242" "196466" "-8224" "0" "0" "0" "0" "1000" "-1000" "-3989" "11" "2000" "-1989" "0" "2000" "-2000" "-13213"
"3557" "嘉威            " "7000" "16000" "-9000" "0" "0" "0" "0" "0" "0" "-5000" "0" "5000" "-5000" "0" "0" "0" "-14000"
"2704" "國賓            " "20000" "26000" "-6000" "0" "0" "0" "0" "0" "0" "-8000" "0" "8000" "-8000" "0" "0" "0" "-14000"
"2414" "精技            " "14000" "28000" "-14000" "0" "0" "0" "0" "0" "0" "0" "2000" "2000" "0" "0" "0" "0" "-14000"
"1454" "台富            " "2000" "16000" "-14000" "0" "0" "0" "0" "0" "0" "0" "0" "0" "0" "0" "0" "0" "-14000"
"3607" "谷崧            " "3000" "15000" "-12000" "0" "0" "0" "0" "0" "0" "-2074" "0" "2074" "-2074" "0" "0" "0" "-14074"
"6625" "必應            " "1000" "16000" "-15000" "0" "0" "0" "0" "0" "0" "0" "0" "0" "0" "0" "0" "0" "-15000"
"2547" "日勝生          " "149000" "148000" "1000" "0" "0" "0" "0" "0" "0" "-16000" "0" "16000" "-16000" "0" "0" "0" "-15000"
"3004" "豐達科          " "18000" "32000" "-14000" "0" "0" "0" "0" "0" "0" "-1000" "0" "1000" "-1000" "0" "0" "0" "-15000"
"1457" "宜進            " "19000" "31000" "-12000" "0" "0" "0" "0" "0" "0" "-3000" "0" "3000" "-3000" "0" "0" "0" "-15000"
"1786" "科妍            " "15000" "23000" "-8000" "0" "0" "0" "0" "0" "0" "-7000" "0" "7000" "-7000" "0" "0" "0" "-15000"
"1474" "弘裕            " "21000" "36000" "-15000" "0" "0" "0" "0" "0" "0" "-1000" "0" "1000" "-1000" "0" "0" "0" "-16000"
"4557" "永新-KY         " "9000" "25000" "-16000" "0" "0" "0" "0" "0" "0" "0" "0" "0" "0" "0" "0" "0" "-16000"
"8940" "新天地          " "30000" "46000" "-16000" "0" "0" "0" "0" "0" "0" "0" "0" "0" "0" "0" "0" "0" "-16000"
"6830" "汎銓            " "3000" "10000" "-7000" "0" "0" "0" "0" "0" "0" "-9000" "0" "9000" "-9000" "0" "0" "0" "-16000"
"3060" "銘異            " "19002" "30000" "-10998" "0" "0" "0" "0" "0" "0" "-5717" "2000" "7717" "-5717" "0" "0" "0" "-16715"
"1527" "鑽全            " "17000" "33000" "-16000" "0" "0" "0" "1000" "0" "1000" "-2000" "0" "2000" "-2000" "0" "0" "0" "-17000"
"8411" "福貞-KY         " "19000" "3000" "16000" "0" "0" "0" "0" "0" "0" "-33000" "0" "33000" "-33000" "0" "0" "0" "-17000"
"6438" "迅得            " "89000" "75000" "14000" "0" "0" "0" "0" "30000" "-30000" "-1400" "0" "1000" "-1000" "0" "400" "-400" "-17400"
"2908" "特力            " "7000" "18000" "-11000" "0" "0" "0" "0" "0" "0" "-7000" "0" "7000" "-7000" "0" "0" "0" "-18000"
"2243" "宏旭-KY         " "1000" "19000" "-18000" "0" "0" "0" "0" "0" "0" "0" "0" "0" "0" "0" "0" "0" "-18000"
"3673" "TPK-KY          " "217000" "205011" "11989" "0" "0" "0" "0" "0" "0" "-30133" "4000" "33133" "-29133" "1000" "2000" "-1000" "-18144"
"1582" "信錦            " "24000" "34000" "-10000" "0" "0" "0" "0" "0" "0" "-8293" "0" "8293" "-8293" "0" "0" "0" "-18293"
"1416" "廣豐            " "7000" "25000" "-18000" "0" "0" "0" "0" "0" "0" "-1000" "0" "1000" "-1000" "0" "0" "0" "-19000"
"2488" "漢平            " "1000" "20000" "-19000" "0" "0" "0" "0" "0" "0" "0" "2000" "2000" "0" "0" "0" "0" "-19000"
"8480" "泰昇-KY         " "1000" "20000" "-19000" "0" "0" "0" "0" "0" "0" "0" "0" "0" "0" "0" "0" "0" "-19000"
"9941A" "裕融甲特        " "0" "0" "0" "0" "0" "0" "0" "0" "0" "-20000" "0" "20000" "-20000" "0" "0" "0" "-20000"
"1531" "高林股          " "1000" "18000" "-17000" "0" "0" "0" "0" "0" "0" "-3000" "0" "3000" "-3000" "0" "0" "0" "-20000"
"6592" "和潤企業        " "119000" "114000" "5000" "0" "0" "0" "0" "0" "0" "-25050" "0" "19000" "-19000" "1000" "7050" "-6050" "-20050"
"1516" "川飛            " "16000" "37000" "-21000" "0" "0" "0" "0" "0" "0" "0" "0" "0" "0" "0" "0" "0" "-21000"
"8210" "勤誠            " "60000" "79000" "-19000" "0" "0" "0" "1000" "0" "1000" "-3998" "2" "4000" "-3998" "0" "0" "0" "-21998"
"1326" "台化            " "2121424" "1978346" "143078" "0" "0" "0" "5000" "0" "5000" "-171000" "0" "168000" "-168000" "1000" "4000" "-3000" "-22922"
"1528" "恩德            " "25000" "40000" "-15000" "0" "0" "0" "0" "0" "0" "-8000" "0" "8000" "-8000" "0" "0" "0" "-23000"
"2062" "橋椿            " "27000" "50000" "-23000" "0" "0" "0" "0" "0" "0" "0" "0" "0" "0" "0" "0" "0" "-23000"
"2887F" "台新戊特二      " "0" "0" "0" "0" "0" "0" "0" "0" "0" "-23000" "0" "23000" "-23000" "0" "0" "0" "-23000"
"4137" "麗豐-KY         " "18000" "36000" "-18000" "0" "0" "0" "0" "0" "0" "-5114" "0" "5114" "-5114" "0" "0" "0" "-23114"
"5534" "長虹            " "61000" "21000" "40000" "0" "0" "0" "0" "0" "0" "-63274" "5000" "68274" "-63274" "0" "0" "0" "-23274"
"3592" "瑞鼎            " "367000" "393000" "-26000" "0" "0" "0" "0" "28000" "-28000" "30521" "10000" "3000" "7000" "38000" "14479" "23521" "-23479"
"6192" "巨路            " "16000" "36900" "-20900" "0" "0" "0" "0" "0" "0" "-3000" "0" "3000" "-3000" "0" "0" "0" "-23900"
"2453" "凌群            " "1000" "21000" "-20000" "0" "0" "0" "0" "0" "0" "-4000" "0" "4000" "-4000" "0" "0" "0" "-24000"
"2459" "敦吉            " "3000" "24000" "-21000" "0" "0" "0" "0" "0" "0" "-3000" "0" "3000" "-3000" "0" "0" "0" "-24000"
"6835" "圓裕            " "0" "1000" "-1000" "0" "0" "0" "0" "0" "0" "-23000" "0" "23000" "-23000" "0" "0" "0" "-24000"
"1725" "元禎            " "102002" "129000" "-26998" "0" "0" "0" "0" "0" "0" "2000" "2000" "0" "2000" "0" "0" "0" "-24998"
"1432" "大魯閣          " "19000" "44000" "-25000" "0" "0" "0" "0" "0" "0" "0" "0" "0" "0" "0" "0" "0" "-25000"
"1789" "神隆            " "323000" "315000" "8000" "0" "0" "0" "1000" "0" "1000" "-35000" "0" "35000" "-35000" "0" "0" "0" "-26000"
"1540" "喬福            " "4000" "31000" "-27000" "0" "0" "0" "0" "0" "0" "0" "0" "0" "0" "0" "0" "0" "-27000"
"2539" "櫻花建          " "220000" "233010" "-13010" "0" "0" "0" "0" "0" "0" "-15056" "1000" "16056" "-15056" "0" "0" "0" "-28066"
"6592A" "和潤企業甲特    " "0" "0" "0" "0" "0" "0" "0" "0" "0" "-28231" "0" "28231" "-28231" "0" "0" "0" "-28231"
"8103" "瀚荃            " "27000" "52000" "-25000" "0" "0" "0" "0" "0" "0" "-4000" "0" "4000" "-4000" "0" "0" "0" "-29000"
"8081" "致新            " "372000" "384000" "-12000" "0" "0" "0" "0" "0" "0" "-18000" "0" "2000" "-2000" "8000" "24000" "-16000" "-30000"
"3050" "鈺德            " "108000" "138000" "-30000" "0" "0" "0" "0" "0" "0" "0" "6000" "6000" "0" "0" "0" "0" "-30000"
"2816" "旺旺保          " "6000" "33050" "-27050" "0" "0" "0" "0" "0" "0" "-3000" "0" "3000" "-3000" "0" "0" "0" "-30050"
"1808" "潤隆            " "65000" "85000" "-20000" "0" "0" "0" "0" "0" "0" "-10988" "1012" "12000" "-10988" "0" "0" "0" "-30988"
"1616" "億泰            " "14000" "45000" "-31000" "0" "0" "0" "0" "0" "0" "0" "0" "0" "0" "0" "0" "0" "-31000"
"1532" "勤美            " "92000" "169000" "-77000" "0" "0" "0" "60000" "0" "60000" "-15000" "0" "15000" "-15000" "0" "0" "0" "-32000"
"3518" "柏騰            " "71000" "102000" "-31000" "0" "0" "0" "0" "0" "0" "-1000" "0" "1000" "-1000" "0" "0" "0" "-32000"
"8110" "華東            " "257000" "256000" "1000" "0" "0" "0" "0" "0" "0" "-33000" "11000" "44000" "-33000" "0" "0" "0" "-32000"
"2939" "凱羿-KY         " "3000" "36000" "-33000" "0" "0" "0" "0" "0" "0" "0" "0" "0" "0" "0" "0" "0" "-33000"
"2108" "南帝            " "202323" "219000" "-16677" "0" "0" "0" "0" "0" "0" "-17000" "0" "17000" "-17000" "0" "0" "0" "-33677"
"1587" "吉茂            " "5000" "39000" "-34000" "0" "0" "0" "0" "0" "0" "0" "0" "0" "0" "0" "0" "0" "-34000"
"8478" "東哥遊艇        " "638000" "575000" "63000" "0" "0" "0" "0" "80000" "-80000" "-17788" "5000" "15000" "-10000" "62000" "69788" "-7788" "-34788"
"3702A" "大聯大甲特      " "0" "0" "0" "0" "0" "0" "0" "0" "0" "-35000" "0" "35000" "-35000" "0" "0" "0" "-35000"
"1460" "宏遠            " "32000" "68000" "-36000" "0" "0" "0" "0" "0" "0" "0" "0" "0" "0" "0" "0" "0" "-36000"
"1310" "台苯            " "144000" "161000" "-17000" "0" "0" "0" "0" "0" "0" "-20543" "5000" "25543" "-20543" "0" "0" "0" "-37543"
"6214" "精誠            " "83000" "110000" "-27000" "0" "0" "0" "1000" "0" "1000" "-12000" "0" "13000" "-13000" "4000" "3000" "1000" "-38000"
"8131" "福懋科          " "98000" "120000" "-22000" "0" "0" "0" "0" "0" "0" "-17000" "0" "17000" "-17000" "0" "0" "0" "-39000"
"5306" "桂盟            " "27005" "82000" "-54995" "0" "0" "0" "16000" "0" "16000" "-2000" "0" "2000" "-2000" "0" "0" "0" "-40995"
"6691" "洋基工程        " "16000" "49000" "-33000" "0" "0" "0" "0" "0" "0" "-8000" "0" "8000" "-8000" "0" "0" "0" "-41000"
"3617" "碩天            " "789000" "928000" "-139000" "0" "0" "0" "0" "0" "0" "97686" "58001" "17315" "40686" "61000" "4000" "57000" "-41314"
"2211" "長榮鋼          " "55000" "99000" "-44000" "0" "0" "0" "0" "0" "0" "0" "0" "0" "0" "0" "0" "0" "-44000"
"2705" "六福            " "46000" "87000" "-41000" "0" "0" "0" "0" "0" "0" "-3000" "0" "3000" "-3000" "0" "0" "0" "-44000"
"2492" "華新科          " "759000" "764036" "-5036" "0" "0" "0" "0" "7000" "-7000" "-32394" "7000" "56248" "-49248" "36000" "19146" "16854" "-44430"
"2483" "百容            " "35000" "76000" "-41000" "0" "0" "0" "0" "0" "0" "-3517" "1000" "4517" "-3517" "0" "0" "0" "-44517"
"6591" "動力-KY         " "16000" "62000" "-46000" "0" "0" "0" "0" "0" "0" "0" "0" "0" "0" "0" "0" "0" "-46000"
"2722" "夏都            " "24000" "31000" "-7000" "0" "0" "0" "0" "0" "0" "-40000" "0" "40000" "-40000" "0" "0" "0" "-47000"
"3011" "今皓            " "68000" "115000" "-47000" "0" "0" "0" "0" "0" "0" "0" "0" "0" "0" "0" "0" "0" "-47000"
"1101B" "台泥乙特        " "0" "0" "0" "0" "0" "0" "0" "0" "0" "-49000" "3000" "52000" "-49000" "0" "0" "0" "-49000"
"3705" "永信            " "44000" "91292" "-47292" "0" "0" "0" "0" "0" "0" "-2000" "0" "2000" "-2000" "0" "0" "0" "-49292"
"4916" "事欣科          " "201000" "192000" "9000" "0" "0" "0" "0" "0" "0" "-59000" "0" "59000" "-59000" "0" "0" "0" "-50000"
"6689" "伊雲谷          " "67000" "120000" "-53000" "0" "0" "0" "0" "0" "0" "-4000" "0" "4000" "-4000" "0" "0" "0" "-57000"
"3653" "健策            " "1196098" "1365699" "-169601" "0" "0" "0" "82000" "0" "82000" "28815" "162000" "200000" "-38000" "81985" "15170" "66815" "-58786"
"6854" "錼創科技-KY創   " "0" "46000" "-46000" "0" "0" "0" "0" "0" "0" "-13000" "0" "13000" "-13000" "0" "0" "0" "-59000"
"2439" "美律            " "305270" "359000" "-53730" "0" "0" "0" "0" "0" "0" "-5467" "6000" "18467" "-12467" "17000" "10000" "7000" "-59197"
"9910" "豐泰            " "1365272" "1409622" "-44350" "0" "0" "0" "41000" "17000" "24000" "-39000" "0" "37000" "-37000" "0" "2000" "-2000" "-59350"
"1231" "聯華食          " "52007" "111000" "-58993" "0" "0" "0" "0" "0" "0" "-1071" "0" "2000" "-2000" "1000" "71" "929" "-60064"
"6216" "居易            " "25000" "82000" "-57000" "0" "0" "0" "0" "0" "0" "-3733" "1000" "4733" "-3733" "0" "0" "0" "-60733"
"1558" "伸興            " "12000" "71000" "-59000" "0" "0" "0" "0" "0" "0" "-2001" "0" "2000" "-2000" "0" "1" "-1" "-61001"
"2613" "中櫃            " "387000" "449000" "-62000" "0" "0" "0" "0" "0" "0" "0" "0" "0" "0" "0" "0" "0" "-62000"
"5288" "豐祥-KY         " "23000" "36000" "-13000" "0" "0" "0" "0" "44000" "-44000" "-6000" "0" "6000" "-6000" "0" "0" "0" "-63000"
"1709" "和益            " "337000" "394000" "-57000" "0" "0" "0" "0" "0" "0" "-10000" "0" "10000" "-10000" "0" "0" "0" "-67000"
"2442" "新美齊          " "53000" "104000" "-51000" "0" "0" "0" "0" "0" "0" "-16000" "0" "16000" "-16000" "0" "0" "0" "-67000"
"1305" "華夏            " "521000" "690000" "-169000" "0" "0" "0" "2000" "0" "2000" "94589" "123000" "28411" "94589" "0" "0" "0" "-72411"
"1568" "倉佑            " "186000" "259000" "-73000" "0" "0" "0" "0" "0" "0" "0" "0" "0" "0" "0" "0" "0" "-73000"
"2538" "基泰            " "42000" "113000" "-71000" "0" "0" "0" "3000" "0" "3000" "-5000" "0" "5000" "-5000" "0" "0" "0" "-73000"
"2069" "運錩            " "58000" "125000" "-67000" "0" "0" "0" "0" "0" "0" "-7000" "0" "7000" "-7000" "0" "0" "0" "-74000"
"3645" "達邁            " "191000" "260000" "-69000" "0" "0" "0" "0" "0" "0" "-5749" "1000" "6749" "-5749" "0" "0" "0" "-74749"
"6164" "華興            " "23000" "100000" "-77000" "0" "0" "0" "0" "0" "0" "0" "0" "0" "0" "0" "0" "0" "-77000"
"2358" "廷鑫            " "279000" "457000" "-178000" "0" "0" "0" "0" "0" "0" "99967" "100000" "33" "99967" "0" "0" "0" "-78033"
"2888B" "新光金乙特      " "0" "0" "0" "0" "0" "0" "0" "0" "0" "-79000" "0" "79000" "-79000" "0" "0" "0" "-79000"
"8213" "志超            " "58000" "113924" "-55924" "0" "0" "0" "1000" "0" "1000" "-24658" "342" "25000" "-24658" "0" "0" "0" "-79582"
"3296" "勝德            " "43000" "123000" "-80000" "0" "0" "0" "1000" "0" "1000" "-1000" "0" "1000" "-1000" "0" "0" "0" "-80000"
"9925" "新保            " "34000" "102000" "-68000" "0" "0" "0" "0" "0" "0" "-16000" "0" "11000" "-11000" "0" "5000" "-5000" "-84000"
"4104" "佳醫            " "35000" "119095" "-84095" "0" "0" "0" "1000" "0" "1000" "-2000" "0" "2000" "-2000" "0" "0" "0" "-85095"
"8341" "日友            " "99035" "183000" "-83965" "0" "0" "0" "0" "0" "0" "-4391" "0" "5000" "-5000" "8000" "7391" "609" "-88356"
"1733" "五鼎            " "15000" "107000" "-92000" "0" "0" "0" "1000" "0" "1000" "0" "0" "0" "0" "0" "0" "0" "-91000"
"2850" "新產            " "106000" "181000" "-75000" "0" "0" "0" "1000" "0" "1000" "-17001" "1000" "18000" "-17000" "0" "1" "-1" "-91001"
"1806" "冠軍            " "48000" "145000" "-97000" "0" "0" "0" "0" "0" "0" "5000" "6000" "1000" "5000" "0" "0" "0" "-92000"
"2501" "國建            " "269000" "307000" "-38000" "0" "0" "0" "0" "0" "0" "-55579" "0" "55579" "-55579" "0" "0" "0" "-93579"
"2820" "華票            " "192000" "243000" "-51000" "0" "0" "0" "3000" "0" "3000" "-48603" "0" "48603" "-48603" "0" "0" "0" "-96603"
"6768" "志強-KY         " "175000" "309000" "-134000" "0" "0" "0" "0" "0" "0" "37000" "0" "2000" "-2000" "39000" "0" "39000" "-97000"
"1325" "恆大            " "25000" "126000" "-101000" "0" "0" "0" "0" "0" "0" "0" "0" "0" "0" "0" "0" "0" "-101000"
"4961" "天鈺            " "925000" "924001" "999" "0" "0" "0" "0" "0" "0" "-103000" "0" "13000" "-13000" "5000" "95000" "-90000" "-102001"
"1702" "南僑            " "38000" "128000" "-90000" "0" "0" "0" "0" "0" "0" "-12981" "1019" "14000" "-12981" "0" "0" "0" "-102981"
"6806" "森崴能源        " "151698" "207000" "-55302" "0" "0" "0" "0" "0" "0" "-52000" "0" "52000" "-52000" "0" "0" "0" "-107302"
"2015" "豐興            " "134000" "263000" "-129000" "0" "0" "0" "43000" "0" "43000" "-23000" "0" "19000" "-19000" "0" "4000" "-4000" "-109000"
"1342" "八貫            " "499300" "609000" "-109700" "0" "0" "0" "0" "0" "0" "0" "0" "0" "0" "0" "0" "0" "-109700"
"1539" "巨庭            " "947000" "1056000" "-109000" "0" "0" "0" "0" "0" "0" "-2000" "0" "2000" "-2000" "0" "0" "0" "-111000"
"2385" "群光            " "936476" "1145000" "-208524" "0" "0" "0" "64000" "72000" "-8000" "104358" "145000" "3103" "141897" "1000" "38539" "-37539" "-112166"
"2364" "倫飛            " "301020" "417018" "-115998" "0" "0" "0" "0" "0" "0" "0" "0" "0" "0" "0" "0" "0" "-115998"
"3376" "新日興          " "61957" "174000" "-112043" "0" "0" "0" "1000" "0" "1000" "-5488" "0" "7000" "-7000" "3000" "1488" "1512" "-116531"
"3515" "華擎            " "703000" "926000" "-223000" "0" "0" "0" "0" "0" "0" "104827" "76772" "12012" "64760" "50067" "10000" "40067" "-118173"
"2406" "國碩            " "372000" "477000" "-105000" "0" "0" "0" "0" "0" "0" "-13696" "0" "13696" "-13696" "0" "0" "0" "-118696"
"3703" "欣陸            " "586000" "667000" "-81000" "0" "0" "0" "1000" "0" "1000" "-41178" "4000" "46178" "-42178" "3000" "2000" "1000" "-121178"
"1229" "聯華            " "253008" "328000" "-74992" "0" "0" "0" "2000" "0" "2000" "-50226" "0" "50000" "-50000" "15000" "15226" "-226" "-123218"
"2929" "淘帝-KY         " "93000" "223000" "-130000" "0" "0" "0" "0" "0" "0" "3000" "3000" "0" "3000" "0" "0" "0" "-127000"
"2360" "致茂            " "1569000" "1871000" "-302000" "0" "0" "0" "274000" "27000" "247000" "-72921" "18000" "63000" "-45000" "29000" "56921" "-27921" "-127921"
"2882A" "國泰特          " "0" "7000" "-7000" "0" "0" "0" "0" "0" "0" "-121000" "0" "121000" "-121000" "0" "0" "0" "-128000"
"1451" "年興            " "20000" "147000" "-127000" "0" "0" "0" "0" "0" "0" "-2000" "0" "2000" "-2000" "0" "0" "0" "-129000"
"2395" "研華            " "571350" "672790" "-101440" "0" "0" "0" "1000" "13000" "-12000" "-17000" "0" "20000" "-20000" "5000" "2000" "3000" "-130440"
"1434" "福懋            " "527000" "606000" "-79000" "0" "0" "0" "3000" "0" "3000" "-54862" "10000" "64862" "-54862" "0" "0" "0" "-130862"
"1734" "杏輝            " "139000" "270000" "-131000" "0" "0" "0" "0" "0" "0" "-2000" "0" "2000" "-2000" "0" "0" "0" "-133000"
"3041" "揚智            " "152179" "284110" "-131931" "0" "0" "0" "0" "0" "0" "-2000" "0" "2000" "-2000" "0" "0" "0" "-133931"
"2007" "燁興            " "309000" "433000" "-124000" "0" "0" "0" "0" "0" "0" "-12000" "11000" "23000" "-12000" "0" "0" "0" "-136000"
"1773" "勝一            " "92200" "215000" "-122800" "0" "0" "0" "0" "0" "0" "-18377" "0" "16285" "-16285" "5000" "7092" "-2092" "-141177"
"2511" "太子            " "145000" "223000" "-78000" "0" "0" "0" "0" "0" "0" "-63711" "8000" "71711" "-63711" "0" "0" "0" "-141711"
"1611" "中電            " "325000" "450000" "-125000" "0" "0" "0" "0" "0" "0" "-17000" "0" "17000" "-17000" "0" "0" "0" "-142000"
"2231" "為升            " "146000" "318500" "-172500" "0" "0" "0" "10000" "0" "10000" "18037" "15001" "14079" "922" "20115" "3000" "17115" "-144463"
"6191" "精成科          " "253000" "365000" "-112000" "0" "0" "0" "2000" "0" "2000" "-34616" "1812" "18428" "-16616" "0" "18000" "-18000" "-144616"
"4770" "上品            " "264000" "504000" "-240000" "0" "0" "0" "95000" "10000" "85000" "6292" "16000" "2004" "13996" "12195" "19899" "-7704" "-148708"
"1304" "台聚            " "1336000" "1406000" "-70000" "0" "0" "0" "1000" "34000" "-33000" "-46100" "0" "29100" "-29100" "21000" "38000" "-17000" "-149100"
"6443" "元晶            " "2333000" "2613763" "-280763" "0" "0" "0" "0" "0" "0" "129805" "0" "16195" "-16195" "376000" "230000" "146000" "-150958"
"8072" "陞泰            " "549000" "702000" "-153000" "0" "0" "0" "0" "0" "0" "-2000" "0" "2000" "-2000" "0" "0" "0" "-155000"
"3023" "信邦            " "578230" "619872" "-41642" "0" "0" "0" "3000" "108000" "-105000" "-9265" "358" "8000" "-7642" "2000" "3623" "-1623" "-155907"
"5269" "祥碩            " "704050" "906030" "-201980" "0" "0" "0" "53000" "0" "53000" "-14838" "14100" "29000" "-14900" "58678" "58616" "62" "-163818"
"1210" "大成            " "225025" "343000" "-117975" "0" "0" "0" "1000" "0" "1000" "-50665" "11000" "58665" "-47665" "2000" "5000" "-3000" "-167640"
"4755" "三福化          " "674009" "825000" "-150991" "0" "0" "0" "0" "0" "0" "-19384" "0" "15000" "-15000" "25000" "29384" "-4384" "-170375"
"2382" "廣達            " "3592683" "3545695" "46988" "0" "0" "0" "195000" "247000" "-52000" "-174027" "125000" "194027" "-69027" "2000" "107000" "-105000" "-179039"
"3056" "總太            " "29000" "206000" "-177000" "0" "0" "0" "1000" "0" "1000" "-5351" "8000" "13351" "-5351" "0" "0" "0" "-181351"
"3036" "文曄            " "480000" "600000" "-120000" "0" "0" "0" "37000" "73000" "-36000" "-30000" "30000" "27000" "3000" "7000" "40000" "-33000" "-186000"
"8104" "錸寶            " "115000" "305000" "-190000" "0" "0" "0" "0" "0" "0" "0" "0" "0" "0" "0" "0" "0" "-190000"
"6153" "嘉聯益          " "2474000" "2539000" "-65000" "0" "0" "0" "0" "0" "0" "-126013" "18000" "113492" "-95492" "59000" "89521" "-30521" "-191013"
"6477" "安集            " "232000" "444000" "-212000" "0" "0" "0" "0" "0" "0" "13000" "0" "6000" "-6000" "21000" "2000" "19000" "-199000"
"1536" "和大            " "492000" "640000" "-148000" "0" "0" "0" "0" "0" "0" "-56226" "5000" "60226" "-55226" "4000" "5000" "-1000" "-204226"
"2905" "三商            " "194000" "376007" "-182007" "0" "0" "0" "0" "0" "0" "-24000" "0" "24000" "-24000" "0" "0" "0" "-206007"
"9942" "茂順            " "77000" "170000" "-93000" "0" "0" "0" "0" "110000" "-110000" "-4080" "1000" "5080" "-4080" "0" "0" "0" "-207080"
"2352" "佳世達          " "2211000" "2441000" "-230000" "0" "0" "0" "1000" "85000" "-84000" "106496" "160000" "72000" "88000" "78001" "59505" "18496" "-207504"
"5907" "大洋-KY         " "56000" "264000" "-208000" "0" "0" "0" "0" "0" "0" "0" "0" "0" "0" "0" "0" "0" "-208000"
"2615" "萬海            " "6948800" "6659304" "289496" "0" "0" "0" "2000" "34000" "-32000" "-465632" "96176" "484808" "-388632" "101000" "178000" "-77000" "-208136"
"4142" "國光生          " "702000" "884000" "-182000" "0" "0" "0" "1000" "1000" "0" "-30000" "0" "35000" "-35000" "9000" "4000" "5000" "-212000"
"6533" "晶心科          " "740000" "994000" "-254000" "0" "0" "0" "0" "5000" "-5000" "46679" "3118" "2839" "279" "56100" "9700" "46400" "-212321"
"6257" "矽格            " "834248" "1080000" "-245752" "0" "0" "0" "46000" "0" "46000" "-15000" "6000" "17000" "-11000" "5000" "9000" "-4000" "-214752"
"6706" "惠特            " "303000" "523000" "-220000" "0" "0" "0" "0" "0" "0" "5157" "370" "4214" "-3844" "9001" "0" "9001" "-214843"
"6278" "台表科          " "576000" "728000" "-152000" "0" "0" "0" "25000" "0" "25000" "-89287" "12143" "32000" "-19857" "6570" "76000" "-69430" "-216287"
"2103" "台橡            " "314000" "510000" "-196000" "0" "0" "0" "2000" "0" "2000" "-24246" "2000" "26246" "-24246" "0" "0" "0" "-218246"
"2845" "遠東銀          " "2917000" "2893000" "24000" "0" "0" "0" "3000" "0" "3000" "-245420" "0" "197000" "-197000" "2000" "50420" "-48420" "-218420"
"9945" "潤泰新          " "2126024" "1952058" "173966" "0" "0" "0" "0" "0" "0" "-396066" "28000" "251272" "-223272" "12000" "184794" "-172794" "-222100"
"3596" "智易            " "472000" "765000" "-293000" "0" "0" "0" "63000" "0" "63000" "7000" "10000" "68000" "-58000" "67000" "2000" "65000" "-223000"
"6669" "緯穎            " "475369" "742577" "-267208" "0" "0" "0" "21000" "0" "21000" "20479" "29013" "15000" "14013" "8466" "2000" "6466" "-225729"
"2367" "燿華            " "3993000" "4195000" "-202000" "0" "0" "0" "2000" "0" "2000" "-32000" "0" "32000" "-32000" "0" "0" "0" "-232000"
"2377" "微星            " "1852116" "1845018" "7098" "0" "0" "0" "124000" "98000" "26000" "-265739" "0" "228612" "-228612" "32000" "69127" "-37127" "-232641"
"6756" "威鋒電子        " "360000" "412010" "-52010" "0" "0" "0" "0" "0" "0" "-182825" "3000" "2848" "152" "9000" "191977" "-182977" "-234835"
"2387" "精元            " "206000" "438000" "-232000" "0" "0" "0" "0" "0" "0" "-7000" "0" "7000" "-7000" "0" "0" "0" "-239000"
"3694" "海華            " "304000" "549000" "-245000" "0" "0" "0" "0" "0" "0" "2000" "5000" "3000" "2000" "0" "0" "0" "-243000"
"2034" "允強            " "437000" "670000" "-233000" "0" "0" "0" "0" "0" "0" "-13379" "0" "17000" "-17000" "4000" "379" "3621" "-246379"
"3356" "奇偶            " "2107000" "2343000" "-236000" "0" "0" "0" "0" "0" "0" "-11001" "0" "11001" "-11001" "0" "0" "0" "-247001"
"2106" "建大            " "197880" "410000" "-212120" "0" "0" "0" "2000" "5000" "-3000" "-39999" "1" "36000" "-35999" "0" "4000" "-4000" "-255119"
"3702" "大聯大          " "1254144" "2334403" "-1080259" "0" "0" "0" "1273000" "210000" "1063000" "-246206" "4000" "180000" "-176000" "39000" "109206" "-70206" "-263465"
"2314" "台揚            " "107000" "372000" "-265000" "0" "0" "0" "0" "0" "0" "0" "0" "0" "0" "1000" "1000" "0" "-265000"
"2417" "圓剛            " "205000" "472000" "-267000" "0" "0" "0" "0" "0" "0" "1000" "2000" "1000" "1000" "0" "0" "0" "-266000"
"2520" "冠德            " "142000" "381000" "-239000" "0" "0" "0" "1000" "0" "1000" "-30787" "12000" "42787" "-30787" "0" "0" "0" "-268787"
"2349" "錸德            " "263004" "532000" "-268996" "0" "0" "0" "0" "0" "0" "0" "0" "0" "0" "0" "0" "0" "-268996"
"3209" "全科            " "104237" "304000" "-199763" "0" "0" "0" "0" "0" "0" "-69361" "4000" "60361" "-56361" "0" "13000" "-13000" "-269124"
"4968" "立積            " "934000" "1159362" "-225362" "0" "0" "0" "0" "0" "0" "-48000" "0" "4000" "-4000" "4000" "48000" "-44000" "-273362"
"3005" "神基            " "499011" "410000" "89011" "0" "0" "0" "0" "275000" "-275000" "-100214" "1000" "22214" "-21214" "0" "79000" "-79000" "-286203"
"2323" "中環            " "1024000" "1325000" "-301000" "0" "0" "0" "0" "0" "0" "0" "7000" "13000" "-6000" "6000" "0" "6000" "-301000"
"2855" "統一證          " "259000" "579000" "-320000" "0" "0" "0" "3000" "0" "3000" "0" "0" "0" "0" "0" "0" "0" "-317000"
"2504" "國產            " "354000" "666347" "-312347" "0" "0" "0" "101000" "21000" "80000" "-87162" "3000" "84162" "-81162" "0" "6000" "-6000" "-319509"
"1217" "愛之味          " "194000" "454000" "-260000" "0" "0" "0" "0" "0" "0" "-88000" "13000" "101000" "-88000" "0" "0" "0" "-348000"
"6213" "聯茂            " "1360300" "1350000" "10300" "0" "0" "0" "0" "0" "0" "-361970" "17291" "296611" "-279320" "28000" "110650" "-82650" "-351670"
"1907" "永豐餘          " "1057000" "1338000" "-281000" "0" "0" "0" "2000" "0" "2000" "-75139" "24000" "101139" "-77139" "3000" "1000" "2000" "-354139"
"5607" "遠雄港          " "147000" "500000" "-353000" "0" "0" "0" "0" "0" "0" "-4000" "0" "4000" "-4000" "0" "0" "0" "-357000"
"2614" "東森            " "574100" "933000" "-358900" "0" "0" "0" "1000" "0" "1000" "-5000" "0" "5000" "-5000" "0" "0" "0" "-362900"
"3019" "亞光            " "259000" "540067" "-281067" "0" "0" "0" "0" "3000" "-3000" "-90117" "12000" "41117" "-29117" "4000" "65000" "-61000" "-374184"
"8033" "雷虎            " "542000" "924000" "-382000" "0" "0" "0" "0" "0" "0" "0" "0" "0" "0" "0" "0" "0" "-382000"
"1722" "台肥            " "502834" "809000" "-306166" "0" "0" "0" "1000" "0" "1000" "-82304" "3000" "77995" "-74995" "2000" "9309" "-7309" "-387470"
"3504" "揚明光          " "508000" "816000" "-308000" "0" "0" "0" "0" "0" "0" "-81994" "18000" "2084" "15916" "18090" "116000" "-97910" "-389994"
"4915" "致伸            " "2503000" "2869000" "-366000" "0" "0" "0" "1000" "4000" "-3000" "-23000" "0" "26000" "-26000" "56000" "53000" "3000" "-392000"
"3665" "貿聯-KY         " "1107000" "1248000" "-141000" "0" "0" "0" "0" "291000" "-291000" "35945" "0" "6000" "-6000" "50151" "8206" "41945" "-396055"
"3454" "晶睿            " "2512100" "3141000" "-628900" "0" "0" "0" "229000" "0" "229000" "-2323" "0" "2000" "-2000" "30262" "30585" "-323" "-402223"
"5522" "遠雄            " "198000" "596000" "-398000" "0" "0" "0" "60000" "56000" "4000" "-17054" "1000" "3991" "-2991" "23000" "37063" "-14063" "-411054"
"6605" "帝寶            " "411000" "832000" "-421000" "0" "0" "0" "0" "0" "0" "-2746" "1000" "13746" "-12746" "24000" "14000" "10000" "-423746"
"2006" "東和鋼鐵        " "635000" "825000" "-190000" "0" "0" "0" "1000" "57000" "-56000" "-184963" "411" "42100" "-41689" "6000" "149274" "-143274" "-430963"
"3605" "宏致            " "479000" "907000" "-428000" "0" "0" "0" "0" "0" "0" "-6304" "4072" "10376" "-6304" "0" "0" "0" "-434304"
"1718" "中纖            " "4232800" "4648000" "-415200" "0" "0" "0" "0" "0" "0" "-29346" "67000" "96346" "-29346" "0" "0" "0" "-444546"
"9941" "裕融            " "163004" "583000" "-419996" "0" "0" "0" "0" "0" "0" "-50000" "0" "47000" "-47000" "0" "3000" "-3000" "-469996"
"1467" "南緯            " "390000" "893000" "-503000" "0" "0" "0" "0" "0" "0" "-2000" "0" "2000" "-2000" "0" "0" "0" "-505000"
"5258" "虹堡            " "641004" "1153000" "-511996" "0" "0" "0" "0" "0" "0" "-2000" "0" "2000" "-2000" "0" "0" "0" "-513996"
"2530" "華建            " "335000" "846010" "-511010" "0" "0" "0" "1000" "0" "1000" "-4000" "3000" "7000" "-4000" "0" "0" "0" "-514010"
"1442" "名軒            " "283000" "791000" "-508000" "0" "0" "0" "1000" "0" "1000" "-8438" "2000" "10438" "-8438" "0" "0" "0" "-515438"
"9919" "康那香          " "984000" "1523000" "-539000" "0" "0" "0" "1000" "0" "1000" "-6000" "3000" "9000" "-6000" "0" "0" "0" "-544000"
"2354" "鴻準            " "1231811" "1376000" "-144189" "0" "0" "0" "1000" "0" "1000" "-404252" "17000" "104000" "-87000" "53000" "370252" "-317252" "-547441"
"6789" "采鈺            " "471000" "992000" "-521000" "0" "0" "0" "0" "2000" "-2000" "-37144" "14000" "50000" "-36000" "4000" "5144" "-1144" "-560144"
"1909" "榮成            " "417714" "972000" "-554286" "0" "0" "0" "3000" "0" "3000" "-11694" "27000" "38000" "-11000" "0" "694" "-694" "-562980"
"3025" "星通            " "837000" "1403000" "-566000" "0" "0" "0" "0" "0" "0" "0" "0" "0" "0" "0" "0" "0" "-566000"
"1218" "泰山            " "1088000" "1644000" "-556000" "0" "0" "0" "1000" "0" "1000" "-20000" "1000" "8000" "-7000" "66000" "79000" "-13000" "-575000"
"4938" "和碩            " "3037416" "3533087" "-495671" "0" "0" "0" "2000" "185000" "-183000" "81495" "199000" "219700" "-20700" "243000" "140805" "102195" "-597176"
"6505" "台塑化          " "2346840" "2638913" "-292073" "0" "0" "0" "7000" "1000" "6000" "-356985" "2000" "241000" "-239000" "11001" "128986" "-117985" "-643058"
"2482" "連宇            " "1107000" "1791000" "-684000" "0" "0" "0" "0" "0" "0" "0" "0" "0" "0" "0" "0" "0" "-684000"
"1609" "大亞            " "430000" "1010000" "-580000" "0" "0" "0" "0" "0" "0" "-122726" "0" "40000" "-40000" "4000" "86726" "-82726" "-702726"
"8112" "至上            " "218004" "966000" "-747996" "0" "0" "0" "0" "0" "0" "-7603" "1000" "8603" "-7603" "0" "0" "0" "-755599"
"2363" "矽統            " "531000" "1287000" "-756000" "0" "0" "0" "0" "0" "0" "-17000" "6000" "0" "6000" "0" "23000" "-23000" "-773000"
"2906" "高林            " "1470000" "2249000" "-779000" "0" "0" "0" "0" "0" "0" "857" "2038" "1181" "857" "0" "0" "0" "-778143"
"3661" "世芯-KY         " "1491000" "2333666" "-842666" "0" "0" "0" "112000" "1000" "111000" "-62867" "29501" "26274" "3227" "49200" "115294" "-66094" "-794533"
"2486" "一詮            " "537000" "1337000" "-800000" "0" "0" "0" "0" "0" "0" "3896" "1" "105" "-104" "13000" "9000" "4000" "-796104"
"3045" "台灣大          " "1657200" "1826379" "-169179" "0" "0" "0" "220000" "747000" "-527000" "-119032" "17000" "111000" "-94000" "12000" "37032" "-25032" "-815211"
"1524" "耿鼎            " "2716000" "3709000" "-993000" "0" "0" "0" "0" "0" "0" "163000" "0" "2000" "-2000" "165000" "0" "165000" "-830000"
"6550" "北極星藥業-KY   " "1726070" "2572000" "-845930" "0" "0" "0" "0" "0" "0" "-14294" "3000" "17294" "-14294" "0" "0" "0" "-860224"
"4977" "眾達-KY         " "1062000" "2183000" "-1121000" "0" "0" "0" "474000" "270000" "204000" "39000" "60000" "10000" "50000" "0" "11000" "-11000" "-878000"
"2371" "大同            " "1809000" "2665000" "-856000" "0" "0" "0" "0" "0" "0" "-32000" "66000" "103000" "-37000" "17000" "12000" "5000" "-888000"
"3432" "台端            " "500000" "1417000" "-917000" "0" "0" "0" "0" "0" "0" "-1000" "0" "1000" "-1000" "0" "0" "0" "-918000"
"1504" "東元            " "1506700" "2412000" "-905300" "0" "0" "0" "3000" "7000" "-4000" "-110548" "13000" "102128" "-89128" "0" "21420" "-21420" "-1019848"
"2383" "台光電          " "1471000" "2711000" "-1240000" "0" "0" "0" "352000" "10000" "342000" "-125000" "10000" "52000" "-42000" "85000" "168000" "-83000" "-1023000"
"1513" "中興電          " "2817534" "4728000" "-1910466" "0" "0" "0" "586000" "4000" "582000" "263802" "450669" "479040" "-28371" "396173" "104000" "292173" "-1064664"
"1721" "三晃            " "954000" "2053000" "-1099000" "0" "0" "0" "0" "0" "0" "0" "0" "0" "0" "0" "0" "0" "-1099000"
"3062" "建漢            " "911000" "1914000" "-1003000" "0" "0" "0" "0" "0" "0" "-104000" "0" "2000" "-2000" "7000" "109000" "-102000" "-1107000"
"5876" "上海商銀        " "5107239" "5252925" "-145686" "0" "0" "0" "4000" "798000" "-794000" "-170255" "0" "184255" "-184255" "95000" "81000" "14000" "-1109941"
"2637" "慧洋-KY         " "3687000" "5079000" "-1392000" "0" "0" "0" "0" "0" "0" "249713" "170389" "40155" "130234" "383000" "263521" "119479" "-1142287"
"2301" "光寶科          " "4985392" "3783633" "1201759" "0" "0" "0" "152000" "2281000" "-2129000" "-219889" "32000" "65548" "-33548" "0" "186341" "-186341" "-1147130"
"2887" "台新金          " "9237904" "9915158" "-677254" "0" "0" "0" "11000" "4000" "7000" "-488511" "0" "489000" "-489000" "36000" "35511" "489" "-1158765"
"1712" "興農            " "1284000" "2538000" "-1254000" "0" "0" "0" "0" "0" "0" "9470" "5000" "16530" "-11530" "40000" "19000" "21000" "-1244530"
"2481" "強茂            " "1103000" "2927842" "-1824842" "0" "0" "0" "501000" "0" "501000" "63187" "64000" "46311" "17689" "261498" "216000" "45498" "-1260655"
"1727" "中華化          " "671000" "1994000" "-1323000" "0" "0" "0" "0" "0" "0" "-20145" "2000" "22145" "-20145" "0" "0" "0" "-1343145"
"2014" "中鴻            " "2639000" "3288000" "-649000" "0" "0" "0" "1000" "553000" "-552000" "-201395" "185000" "242395" "-57395" "14000" "158000" "-144000" "-1402395"
"1711" "永光            " "521000" "1600000" "-1079000" "0" "0" "0" "0" "0" "0" "-331000" "0" "0" "0" "0" "331000" "-331000" "-1410000"
"2204" "中華            " "971288" "2476000" "-1504712" "0" "0" "0" "0" "0" "0" "-56243" "776" "32019" "-31243" "2000" "27000" "-25000" "-1560955"
"2889" "國票金          " "1454279" "3082000" "-1627721" "0" "0" "0" "5000" "0" "5000" "57851" "0" "0" "0" "516625" "458774" "57851" "-1564870"
"2105" "正新            " "1224032" "2612900" "-1388868" "0" "0" "0" "3000" "8000" "-5000" "-223103" "0" "149160" "-149160" "1000" "74943" "-73943" "-1616971"
"2892" "第一金          " "8580698" "8243541" "337157" "0" "0" "0" "12000" "1687000" "-1675000" "-554450" "0" "517000" "-517000" "9000" "46450" "-37450" "-1892293"
"3034" "聯詠            " "1081654" "2903801" "-1822147" "0" "0" "0" "51000" "124000" "-73000" "-62626" "3100" "39751" "-36651" "32000" "57975" "-25975" "-1957773"
"9907" "統一實          " "888000" "2874000" "-1986000" "0" "0" "0" "3000" "0" "3000" "-94022" "0" "84022" "-84022" "0" "10000" "-10000" "-2077022"
"4904" "遠傳            " "1832543" "4196060" "-2363517" "0" "0" "0" "633000" "159000" "474000" "-247951" "152000" "389951" "-237951" "11000" "21000" "-10000" "-2137468"
"1409" "新纖            " "1223000" "1427000" "-204000" "0" "0" "0" "0" "0" "0" "-1971000" "0" "1971000" "-1971000" "0" "0" "0" "-2175000"
"3047" "訊舟            " "1500000" "3694000" "-2194000" "0" "0" "0" "0" "0" "0" "-7000" "3000" "10000" "-7000" "0" "0" "0" "-2201000"
"5388" "中磊            " "1408000" "3850000" "-2442000" "0" "0" "0" "0" "0" "0" "101032" "128000" "41968" "86032" "17000" "2000" "15000" "-2340968"
"2388" "威盛            " "5576000" "7153000" "-1577000" "0" "0" "0" "0" "0" "0" "-855195" "90000" "632000" "-542000" "227000" "540195" "-313195" "-2432195"
"2603" "長榮            " "7041161" "7450563" "-409402" "0" "0" "0" "1000" "225000" "-224000" "-1959839" "63161" "1561000" "-1497839" "83000" "545000" "-462000" "-2593241"
"2474" "可成            " "4899112" "7327172" "-2428060" "0" "0" "0" "0" "910000" "-910000" "-33246" "64000" "64000" "0" "14000" "47246" "-33246" "-3371306"
"3037" "欣興            " "16562803" "22640613" "-6077810" "0" "0" "0" "3534000" "1518000" "2016000" "387902" "1215000" "966000" "249000" "392152" "253250" "138902" "-3673908"
"2498" "宏達電          " "12523643" "16353799" "-3830156" "0" "0" "0" "0" "0" "0" "-265448" "777822" "627270" "150552" "739000" "1155000" "-416000" "-4095604"
"1102" "亞泥            " "2808888" "6556007" "-3747119" "0" "0" "0" "2000" "325000" "-323000" "-345137" "114000" "258000" "-144000" "71000" "272137" "-201137" "-4415256"
"2324" "仁寶            " "7513064" "9390821" "-1877757" "0" "0" "0" "433000" "2759000" "-2326000" "-459000" "36000" "254000" "-218000" "12000" "253000" "-241000" "-4662757"
"2412" "中華電          " "2383568" "7063990" "-4680422" "0" "0" "0" "114000" "107000" "7000" "-221958" "15000" "233000" "-218000" "8000" "11958" "-3958" "-4895380"
"2609" "陽明            " "18305561" "23110268" "-4804707" "0" "0" "0" "2000" "168000" "-166000" "-523604" "402998" "899963" "-496965" "550594" "577233" "-26639" "-5494311"
"2867" "三商壽          " "3624000" "9610000" "-5986000" "0" "0" "0" "0" "0" "0" "324999" "0" "53001" "-53001" "378000" "0" "378000" "-5661001"
"1216" "統一            " "9823440" "9970881" "-147441" "0" "0" "0" "5000" "5040000" "-5035000" "-508997" "41000" "509000" "-468000" "1000" "41997" "-40997" "-5691438"
"2886" "兆豐金          " "8092414" "14153541" "-6061127" "0" "0" "0" "470000" "0" "470000" "-545312" "0" "536000" "-536000" "144000" "153312" "-9312" "-6136439"
"2618" "長榮航          " "8973536" "11966017" "-2992481" "0" "0" "0" "5000" "0" "5000" "-3484821" "312000" "2850000" "-2538000" "376000" "1322821" "-946821" "-6472302"
"2884" "玉山金          " "8517176" "14286542" "-5769366" "0" "0" "0" "12000" "41000" "-29000" "-688855" "2000" "634000" "-632000" "162000" "218855" "-56855" "-6487221"
"2356" "英業達          " "5910764" "8965482" "-3054718" "0" "0" "0" "293000" "3971000" "-3678000" "-197923" "79000" "109923" "-30923" "31000" "198000" "-167000" "-6930641"
"1605" "華新            " "33010793" "28333833" "4676960" "0" "0" "0" "1436000" "10324000" "-8888000" "-3516512" "804000" "1560000" "-756000" "505706" "3266218" "-2760512" "-7727552"
"1101" "台泥            " "12167384" "19231042" "-7063658" "0" "0" "0" "955000" "3656000" "-2701000" "-1228262" "0" "564000" "-564000" "124000" "788262" "-664262" "-10992920"
"2891" "中信金          " "19757674" "32224840" "-12467166" "0" "0" "0" "2244000" "2000" "2242000" "-1001882" "212000" "1062000" "-850000" "36000" "187882" "-151882" "-11227048"
"2303" "聯電            " "19453225" "28704529" "-9251304" "0" "0" "0" "1622000" "2760000" "-1138000" "-1291492" "140000" "597000" "-457000" "318924" "1153416" "-834492" "-11680796"
"2834" "臺企銀          " "34456094" "47141825" "-12685731" "0" "0" "0" "6000" "0" "6000" "-1346000" "0" "1008000" "-1008000" "271000" "609000" "-338000" "-14025731"
"2610" "華航            " "9817664" "25583800" "-15766136" "0" "0" "0" "5000" "109000" "-104000" "-712933" "398000" "596000" "-198000" "78000" "592933" "-514933" "-16583069"
"說明:"
"自營商表示證券自營商專戶。"
"投信表示本國投資信託基金。"
"外資及陸資表示依「華僑及外國人投資證券管理辦法」及「大陸地區投資人來臺從事證券投資及期貨交易管理辦法」辦理登記等投資人。"
"外資自營商買賣股數已計入自營商買賣股數，故不納入三大法人買賣股數之合計數計算。"
"本統計資訊含一般、零股、盤後定價、鉅額，不含拍賣、標購。"
"本資訊以當日原始成交情形統計，不以證券商申報錯帳、更正帳號等調整後資料統計。"
"ETF證券代號第六碼為K、M、S、C者，表示該ETF以外幣交易。"
