證券代號,證券名稱,成交股數,成交金額,開盤價,最高價,最低價,收盤價,漲跌價差,成交筆數
"0050","元大台灣50","13116110","1620183258","124.10","125.00","122.25","122.50","-0.2500","14401"
"0051","元大中型100","33273","1864882","56.35","56.60","55.05","55.05","-0.4500","197"
"0052","富邦科技","473263","48857623","103.95","104.15","101.90","101.90","-0.7500","527"
"0053","元大電子","4996","296593","60.00","60.00","59.00","59.00","-0.1000","932"
"0055","元大MSCI金融","1040250","24487480","23.65","23.89","23.35","23.45","-0.0100","604"
"0056","元大高股息","64866086","1954322755","30.54","30.60","29.89","29.94","-0.4500","45568"
"0057","富邦摩台","24990","2160304","87.15","87.25","86.35","86.35","0.1500","933"
"0061","元大寶滬深","331330","6710276","20.34","20.40","20.17","20.17","-0.1800","832"
"006203","元大MSCI台灣","20899","1240079","59.15","59.90","59.00","59.00","-0.1000","895"
"006204","永豐臺灣加權","21125","1686615","81.45","81.45","79.50","79.50","-0.8500","894"
"006205","富邦上証","844071","28691256","34.09","34.20","33.86","33.90","-0.1900","451"
"006206","元大上證50","176305","5779698","32.90","32.90","32.69","32.70","-0.2000","1056"
"006207","FH滬深","315598","8437445","26.94","27.21","26.65","26.65","-0.2900","38"
"006208","富邦台50","4025822","287075644","71.60","72.05","70.55","70.60","-0.2000","5345"
"00625K","富邦上証+R","","","","","","","0.0000",""
"00631L","元大台灣50正2","5518355","622531268","114.65","115.15","109.45","109.45","-1.7500","1851"
"00632R","元大台灣50反1","242698037","1371844422","5.61","5.73","5.58","5.72","0.0500","9505"
"00633L","富邦上証正2","11664524","529780129","45.84","46.12","44.95","45.01","-1.2000","2551"
"00634R","富邦上証反1","1328000","5641610","4.21","4.27","4.21","4.26","0.0700","92"
"00635U","期元大S&P黃金","307831","7440853","24.19","24.19","24.15","24.18","0.2300","125"
"00636","國泰中國A50","1395820","32230104","23.27","23.27","22.99","23.00","-0.2900","1206"
"00636K","國泰中國A50+U","200","1550","7.75","7.75","7.75","7.75","0.0000","2"
"00637L","元大滬深300正2","91332089","1643369870","18.20","18.25","17.78","17.81","-0.4700","12960"
"00638R","元大滬深300反1","836600","7519288","8.93","9.06","8.92","9.05","0.1200","177"
"00639","富邦深100","898048","12753789","14.22","14.27","14.13","14.18","-0.0900","791"
"00640L","富邦日本正2","649000","17192970","26.69","26.74","25.97","26.17","0.3400","201"
"00641R","富邦日本反1","504000","5190230","10.25","10.37","10.22","10.36","-0.0400","99"
"00642U","期元大S&P石油","4131019","93493424","22.72","22.73","22.52","22.57","-0.5400","864"
"00643","群益深証中小","283623","4792942","16.80","16.98","16.80","16.90","0.0100","98"
"00643K","群益深証中小+R","","","","","","","0.0000",""
"00645","富邦日本","144337","3598516","25.01","25.12","24.82","24.82","0.2100","64"
"00646","元大S&P500","1004381","35088148","35.01","35.04","34.74","34.79","0.4900","693"
"00647L","元大S&P500正2","449425","22777836","51.00","51.25","50.10","50.15","1.2100","179"
"00648R","元大S&P500反1","3878250","30142312","7.74","7.83","7.73","7.83","-0.1000","366"
"00650L","FH香港正2","5624490","92879868","16.90","17.00","16.17","16.22","-0.4400","957"
"00651R","FH香港反1","354000","2951550","8.28","8.45","8.20","8.45","0.1200","55"
"00652","富邦印度","119451","3177037","26.59","26.71","26.35","26.38","-0.0200","928"
"00653L","富邦印度正2","465120","16656386","35.86","36.02","35.34","35.38","-0.0200","172"
"00654R","富邦印度反1","181000","1642630","8.98","9.14","8.98","9.14","0.0700","64"
"00655L","國泰中國A50正2","3301307","108429432","33.20","33.39","32.46","32.56","-0.8400","872"
"00656R","國泰中國A50反1","210000","1701670","8.03","8.14","8.02","8.14","0.1300","46"
"00657","國泰日經225","6000","187830","31.37","31.41","31.12","31.12","0.2700","5"
"00657K","國泰日經225+U","200","2090","10.45","10.45","10.45","10.45","0.0900","2"
"00660","元大歐洲50","6000","155850","26.08","26.08","25.90","25.90","0.4400","5"
"00661","元大日經225","1000","33290","33.29","33.29","33.29","33.29","0.0000","1"
"00662","富邦NASDAQ","1137763","50776230","44.76","44.79","44.32","44.34","0.8700","644"
"00663L","國泰臺灣加權正2","328033","33809242","104.60","104.95","99.90","99.90","-1.6500","45"
"00664R","國泰臺灣加權反1","13076933","83567771","6.33","6.48","6.31","6.48","0.0500","925"
"00665L","富邦恒生國企正2","6581976","73206443","11.50","11.50","10.87","10.88","-0.3800","1128"
"00666R","富邦恒生國企反1","444000","6351390","14.26","14.41","14.23","14.40","0.2400","22"
"00668","國泰美國道瓊","68222","2265045","33.28","33.29","33.11","33.12","0.4500","925"
"00668K","國泰美國道瓊+U","200","2232","11.16","11.16","11.16","11.16","0.1500","2"
"00669R","國泰美國道瓊反1","5972000","52080690","8.66","8.75","8.65","8.75","-0.0700","576"
"00670L","富邦NASDAQ正2","9541938","573006199","60.20","60.80","59.10","59.20","2.0000","2627"
"00671R","富邦NASDAQ反1","25606123","166308631","6.46","6.56","6.44","6.55","-0.1300","2240"
"00673R","期元大S&P原油反1","25962259","189418595","7.29","7.34","7.25","7.33","0.1300","2783"
"00674R","期元大S&P黃金反1","147100","1886605","12.83","12.85","12.80","12.84","-0.1100","38"
"00675L","富邦臺灣加權正2","1744518","77704432","45.27","45.43","43.21","43.25","-0.7000","522"
"00676R","富邦臺灣加權反1","6615288","23196316","3.47","3.55","3.45","3.55","0.0300","543"
"00678","群益NBI生技","326506","6877123","21.11","21.15","21.00","21.00","0.4100","891"
"00680L","元大美債20正2","852060","11824204","13.94","13.96","13.74","13.89","0.2800","177"
"00681R","元大美債20反1","943000","16339310","17.28","17.42","17.28","17.31","-0.2100","105"
"00682U","期元大美元指數","171100","3534556","20.62","20.72","20.61","20.70","-0.0400","64"
"00683L","期元大美元指正2","871080","19185848","22.08","22.08","21.95","22.08","-0.1400","242"
"00684R","期元大美元指反1","19000","308490","16.24","16.26","16.21","16.25","0.0700","13"
"00685L","群益臺灣加權正2","13000","520420","40.15","40.23","38.84","38.84","-0.5000","13"
"00686R","群益臺灣加權反1","63000","240270","3.76","3.84","3.75","3.84","0.0400","18"
"00688L","國泰20年美債正2","332000","4583650","13.92","13.92","13.70","13.81","0.2900","58"
"00689R","國泰20年美債反1","36000","649450","18.02","18.10","18.00","18.05","-0.1900","9"
"00690","兆豐藍籌30","106030","3152940","29.88","29.88","29.63","29.63","-0.1500","936"
"00692","富邦公司治理","2857450","90523789","31.81","31.99","31.28","31.32","-0.1700","2338"
"00693U","期街口S&P黃豆","135383","3733415","27.57","27.63","27.52","27.60","0.1300","57"
"00700","富邦恒生國企","251863","3486315","14.00","14.07","13.68","13.70","-0.1800","1056"
"00701","國泰股利精選30","2213767","54263502","24.60","24.75","24.38","24.41","0.0000","800"
"00702","國泰標普低波高息","106941","2219512","20.77","20.78","20.74","20.77","0.2200","905"
"00703","台新MSCI中國","109000","1839620","17.03","17.03","16.76","16.77","-0.2600","23"
"00706L","期元大S&P日圓正2","2433050","25499047","10.51","10.51","10.44","10.48","0.0300","371"
"00707R","期元大S&P日圓反1","18000","429850","23.91","23.92","23.86","23.92","-0.0600","6"
"00708L","期元大S&P黃金正2","1034923","27243704","26.39","26.40","26.26","26.30","0.3800","283"
"00709","富邦歐洲","118168","2453910","20.83","20.87","20.72","20.72","0.3600","27"
"00710B","FH彭博非投等債","532737","9201110","17.11","17.36","17.11","17.32","0.2500","111"
"00711B","FH彭博新興債","157797","2543190","16.08","16.14","16.08","16.13","0.2400","911"
"00712","FH富時不動產","6125888","66002115","10.78","10.81","10.74","10.78","0.0200","3956"
"00713","元大台灣高息低波","306929","13007991","42.45","42.66","42.04","42.10","-0.2200","511"
"00714","群益道瓊美國地產","547382","10475078","19.12","19.20","19.09","19.12","0.3600","421"
"00715L","期街口布蘭特正2","14205612","363839248","25.77","25.91","25.39","25.51","-0.8400","2340"
"00717","富邦美國特別股","448695","6610010","14.78","14.78","14.69","14.76","0.1500","246"
"00728","第一金工業30","454524","10940588","24.28","24.38","23.68","23.68","-0.3000","466"
"00730","富邦臺灣優質高息","555515","10013986","18.00","18.16","17.81","17.85","-0.1200","420"
"00731","FH富時高息低波","1135780","66122077","58.60","58.70","58.00","58.00","-0.3000","167"
"00732","國泰RMB短期報酬","100000","4095000","40.95","40.95","40.95","40.95","0.0800","4"
"00733","富邦臺灣中小","266426","9487700","36.50","36.50","35.05","35.05","-0.8300","323"
"00735","國泰臺韓科技","106064","2804294","26.76","26.76","26.35","26.35","-0.0100","973"
"00736","國泰新興市場","102250","2009408","19.73","19.75","19.65","19.75","0.1700","8"
"00737","國泰AI+Robo","137247","3427656","25.04","25.11","24.82","24.85","0.4200","866"
"00738U","期元大道瓊白銀","769885","16958146","22.03","22.08","21.99","22.04","0.5600","238"
"00739","元大MSCI A股","172518","4351658","25.33","25.34","25.15","25.20","-0.0900","819"
"00743","國泰中國A150","68000","1766170","26.00","26.03","25.90","26.03","0.0000","20"
"00752","中信中國50","3498728","68652014","19.85","20.00","19.38","19.39","-0.3500","874"
"00753L","中信中國50正2","9284113","136621748","15.03","15.18","14.32","14.33","-0.5500","2356"
"00757","統一FANG+","1006521","36624851","36.45","36.60","36.04","36.06","0.7300","724"
"00762","元大全球AI","715572","22806920","31.97","32.01","31.63","31.72","0.8400","305"
"00763U","期街口道瓊銅","144000","3920080","27.30","27.30","27.03","27.03","-0.1400","15"
"00770","國泰北美科技","188597","5363193","28.51","28.65","28.29","28.29","0.5400","438"
"00771","元大US高息特別股","34547","566530","16.40","16.43","16.39","16.43","0.2400","31"
"00774B","新光中國政金綠債","3047","125891","41.37","41.37","41.30","41.30","0.1500","5"
"00774C","新光中政金綠債+R","","","","","","","0.0000",""
"00775B","新光投等債15+","51690","1755113","34.00","34.00","33.96","33.96","0.5600","9"
"00783","富邦中証500","430469","9346291","21.75","21.78","21.59","21.69","0.0300","51"
"008201","BP上證50","","","","","","","0.0000",""
"00830","國泰費城半導體","7161346","170226233","23.80","23.92","23.57","23.59","0.1900","2884"
"00850","元大臺灣ESG永續","875101","28080676","32.30","32.46","31.69","31.76","-0.2000","955"
"00851","台新全球AI","38500","945679","24.59","24.59","24.34","24.34","0.6900","19"
"00852L","國泰美國道瓊正2","1795130","30562063","17.10","17.13","16.84","16.86","0.3000","402"
"00861","元大全球未來通訊","929243","24820604","26.72","26.84","26.54","26.57","0.2500","413"
"00865B","國泰US短期公債","102665","3967478","38.67","38.69","38.65","38.69","0.0100","671"
"00875","國泰網路資安","278349","7010461","25.28","25.37","25.06","25.06","0.3200","169"
"00876","元大全球5G","3795499","97015813","25.50","25.78","25.36","25.39","0.0300","843"
"00878","國泰永續高股息","35001122","607304748","17.50","17.55","17.23","17.25","-0.0700","20588"
"00881","國泰台灣5G+","10585846","161931782","15.43","15.51","15.12","15.13","-0.1200","5153"
"00882","中信中國高股息","8943767","120067046","13.58","13.60","13.32","13.34","-0.2300","3457"
"00885","富邦越南","19838527","278600196","14.01","14.09","13.99","14.01","-0.0600","6534"
"00891","中信關鍵半導體","10022090","132726247","13.40","13.49","13.03","13.03","-0.1500","2930"
"00892","富邦台灣半導體","5171364","66265550","13.00","13.00","12.57","12.57","-0.1800","1579"
"00893","國泰智能電動車","25717368","331407698","12.89","12.96","12.79","12.81","0.2000","5662"
"00894","中信小資高價30","1919909","24285808","12.70","12.84","12.41","12.42","-0.1300","642"
"00895","富邦未來車","6061452","82343347","13.52","13.66","13.49","13.50","0.2500","1674"
"00896","中信綠能及電動車","1372398","18916974","13.82","13.94","13.60","13.60","-0.1100","689"
"00897","富邦基因免疫生技","2299131","18833421","8.18","8.24","8.15","8.17","0.1100","332"
"00898","國泰基因免疫革命","1126261","7276868","6.44","6.50","6.42","6.43","0.1200","379"
"00899","FT潔淨能源","367192","7431123","20.32","20.34","20.11","20.11","0.3000","192"
"00900","富邦特選高股息30","7768342","101575691","13.15","13.27","12.96","12.96","-0.1300","3359"
"00901","永豐智能車供應鏈","1429263","18450431","12.98","13.10","12.73","12.73","-0.1400","387"
"00902","中信電池及儲能","10202017","142014973","13.90","13.99","13.84","13.88","0.0900","2048"
"00903","富邦元宇宙","7510907","73495495","9.72","9.84","9.70","9.71","0.2500","1528"
"00904","新光臺灣半導體30","1082929","13657384","12.75","12.80","12.38","12.38","-0.1500","275"
"00905","FT臺灣Smart","2921222","27462373","9.48","9.51","9.26","9.27","-0.0800","655"
"00906","大華元宇宙科技50","196351","1868439","9.56","9.59","9.47","9.47","0.1000","54"
"00907","永豐優息存股","2298282","34585616","15.10","15.22","14.91","14.93","-0.0800","974"
"00908","富邦入息REITs+","2116150","30283861","14.29","14.35","14.29","14.30","0.2100","274"
"01001T","土銀富邦R1","7010","118599","16.92","16.92","16.91","16.91","-0.0900","4"
"01002T","土銀國泰R1","12030","211674","17.59","17.80","17.56","17.57","0.0300","9"
"01003T","兆豐新光R1","51000","1015900","19.75","20.05","19.75","19.81","0.0600","13"
"01004T","土銀富邦R2","10010","155654","15.55","15.55","15.55","15.55","-0.0400","2"
"01007T","兆豐國泰R2","210030","3872619","18.44","18.44","18.40","18.44","0.0000","19"
"01009T","王道圓滿R1","37000","331540","8.95","8.98","8.95","8.95","0.0000","9"
"01010T","京城樂富R1","34148","350018","10.25","10.25","10.25","10.25","-0.0100","12"
"020000","富邦特選蘋果N","3000","19290","6.43","6.43","6.43","6.43","0.0300","2"
"020002","元富新中國N","2000","27540","13.82","13.82","13.72","13.72","-0.1000","2"
"020007","凱基臺灣500N","","","","","","","0.0000",""
"020011","統一微波高息20N","","","","","","","0.0000",""
"020012","富邦行動通訊N","","","","","","","0.0000",""
"020015","統一MSCI美低波N","","","","","","","0.0000",""
"020016","統一MSCI美科技N","","","","","","","0.0000",""
"020018","統一價值成長30N","7000","108990","15.63","15.63","15.48","15.48","-0.2900","3"
"020019","統一特選台灣5GN","3000","38400","12.80","12.80","12.80","12.80","0.0800","1"
"02001L","富邦蘋果正二N","86000","740940","8.75","8.75","8.33","8.33","-0.2000","10"
"02001R","富邦蘋果反一N","6000","19480","3.20","3.29","3.20","3.29","0.0500","5"
"020020","元大台股領航N","80000","544320","6.85","6.88","6.71","6.73","-0.0700","39"
"020022","元大電動車N","199000","978050","4.91","4.96","4.85","4.86","-0.0500","71"
"020028","元大特選電動車N","250000","1182710","4.73","4.78","4.68","4.68","-0.0500","52"
"020029","元大ESG高股息N","235000","1134140","4.85","4.88","4.77","4.77","-0.0400","62"
"020030","統一智慧電動車N","772000","3168630","4.18","4.18","4.04","4.04","-0.0800","112"
"020031","統一IC設計臺灣N","822000","3379810","4.14","4.23","4.04","4.05","-0.0800","160"
"020032","元大綠能N","342000","1568350","4.69","4.69","4.54","4.55","-0.0500","112"
"020034","元大IC設計N","930000","4401830","4.80","4.82","4.61","4.62","-0.0900","186"
"1101","台泥","21012994","845780264","40.50","40.90","40.00","40.00","-0.0500","11036"
"1101B","台泥乙特","5002","257102","51.30","51.50","51.30","51.50","0.0000","7"
"1102","亞泥","6389566","276645484","43.70","43.70","43.10","43.10","-0.2000","2953"
"1103","嘉泥","135994","2494794","18.60","18.60","18.10","18.20","-0.1500","163"
"1104","環泥","565875","12432487","22.00","22.05","21.80","21.90","-0.1000","286"
"1108","幸福","74200","819419","11.15","11.15","10.95","11.00","-0.1000","53"
"1109","信大","117229","2349979","20.10","20.20","19.90","19.95","-0.0500","166"
"1110","東泥","118661","2336588","19.95","19.95","19.50","19.55","-0.2500","81"
"1201","味全","748370","15520999","20.80","20.90","20.55","20.70","0.0500","467"
"1203","味王","1117578","37989007","34.00","34.10","33.55","34.00","0.3500","121"
"1210","大成","659414","32159226","49.10","49.20","48.35","48.70","-0.3000","904"
"1213","大飲","12100","95849","7.99","7.99","7.87","7.87","-0.1200","8"
"1215","卜蜂","270965","22207072","82.10","82.30","81.60","81.60","-0.5000","342"
"1216","統一","5103357","328637947","64.70","64.70","64.10","64.20","0.1000","2893"
"1217","愛之味","1207093","12944699","10.75","10.85","10.55","10.60","-0.1000","618"
"1218","泰山","475563","14799029","31.40","31.50","30.95","31.00","0.0000","387"
"1219","福壽","2447892","52175817","21.85","21.85","20.95","20.95","-0.7000","1035"
"1220","台榮","686278","11564788","17.10","17.25","16.60","16.60","-0.4500","472"
"1225","福懋油","15031","747862","50.20","50.20","49.60","49.60","-0.6000","19"
"1227","佳格","904342","41768221","46.55","46.65","46.00","46.00","-0.2000","835"
"1229","聯華","1377122","76735034","56.30","56.60","55.00","55.10","-0.7000","1538"
"1231","聯華食","242497","20365382","83.80","84.40","83.30","83.30","0.3000","425"
"1232","大統益","159637","25261925","158.00","159.00","157.50","158.50","0.0000","289"
"1233","天仁","6309","211031","33.90","33.90","33.15","33.55","-0.2500","13"
"1234","黑松","22814","792810","34.90","34.90","34.60","34.70","-0.2500","37"
"1235","興泰","147215","8800958","57.70","61.00","57.70","59.20","2.7000","185"
"1236","宏亞","1758235","51247651","29.85","30.10","28.00","28.00","-1.5000","1227"
"1256","鮮活果汁-KY","6866","1931135","283.00","283.00","279.00","279.00","-5.5000","122"
"1301","台塑","6459978","689281136","107.50","107.50","106.00","106.50","0.0000","2742"
"1303","南亞","6986631","584084315","84.20","84.30","83.10","83.20","-0.2000","3693"
"1304","台聚","2772828","72994738","26.70","26.85","25.90","25.90","-0.6500","1440"
"1305","華夏","777566","24976888","32.80","32.80","31.60","31.60","-0.6000","606"
"1307","三芳","134055","2729250","20.50","20.60","20.10","20.10","-0.3500","90"
"1308","亞聚","3434130","104162369","30.80","30.85","29.80","29.85","-0.5500","1976"
"1309","台達化","387886","11601637","30.40","30.40","29.50","29.50","-0.3000","322"
"1310","台苯","327746","5277889","16.30","16.35","15.90","15.95","-0.2500","326"
"1312","國喬","2248619","54364661","24.50","24.50","23.85","23.85","-0.3500","1261"
"1312A","國喬特","","","","","","","0.0000",""
"1313","聯成","791521","13285651","17.05","17.15","16.50","16.50","-0.4500","593"
"1314","中石化","12143594","135728871","11.20","11.30","11.05","11.05","-0.0500","2666"
"1315","達新","19659","1503620","77.80","77.80","76.10","76.90","-0.3000","31"
"1316","上曜","2094122","38051246","18.60","18.65","17.80","17.80","-0.6500","987"
"1319","東陽","31447534","1389953152","44.50","45.15","43.00","43.90","0.1000","16431"
"1321","大洋","152036","4867864","32.60","32.65","31.80","31.85","-0.5500","81"
"1323","永裕","55246","1925120","34.85","34.90","34.75","34.90","0.0000","43"
"1324","地球","30053","325325","10.90","10.95","10.75","10.80","-0.0500","24"
"1325","恆大","186469","5752208","31.30","31.60","30.30","30.30","-0.9500","162"
"1326","台化","5436263","445459244","82.50","82.50","81.50","81.50","-0.3000","2543"
"1337","再生-KY","473924","3133398","6.72","6.72","6.51","6.51","-0.1300","324"
"1338","廣華-KY","384262","21713549","57.90","57.90","55.50","55.90","-1.2000","285"
"1339","昭輝","270366","10707245","39.90","39.95","38.85","38.85","-0.4500","212"
"1340","勝悅-KY","161893","1702334","10.70","10.70","10.40","10.45","-0.2000","211"
"1341","富林-KY","4005","301676","75.40","76.00","74.90","74.90","-0.5000","8"
"1342","八貫","303230","21559595","71.70","72.20","70.00","70.40","-1.1000","215"
"1402","遠東新","4638179","145782442","31.60","31.65","31.25","31.30","0.0000","2427"
"1409","新纖","1784266","34281954","19.45","19.45","19.05","19.05","-0.2500","820"
"1410","南染","11040","388211","35.65","35.65","34.85","34.85","-0.5500","18"
"1413","宏洲","67101","664626","9.98","9.98","9.86","9.95","-0.0200","34"
"1414","東和","134757","2401313","17.95","18.10","17.55","17.80","-0.0500","102"
"1416","廣豐","805583","9014071","11.15","11.35","10.95","10.95","-0.2000","272"
"1417","嘉裕","105135","1140179","11.00","11.00","10.80","10.80","-0.1500","59"
"1418","東華","19101","314718","16.60","16.75","16.20","16.55","-0.0500","30"
"1419","新紡","26168","1088612","41.75","41.75","41.40","41.70","-0.0500","26"
"1423","利華","160260","3127923","19.75","19.75","19.40","19.50","-0.1000","58"
"1432","大魯閣","715744","9055678","13.00","13.05","12.30","12.40","-0.3000","577"
"1434","福懋","1818759","47621002","26.35","26.40","26.00","26.05","-0.0500","1331"
"1435","中福","55397","2968119","56.90","56.90","50.10","51.60","-0.6000","57"
"1436","華友聯","29062","1939823","67.00","67.00","66.50","66.70","-0.1000","31"
"1437","勤益控","67171","1693437","25.40","25.40","25.05","25.10","-0.0500","50"
"1438","三地開發","25432","800942","32.15","32.15","31.05","31.85","-0.1500","25"
"1439","中和","16102","311384","19.95","19.95","19.05","19.05","-0.8500","19"
"1440","南紡","1866146","38366287","21.00","21.00","20.15","20.15","-0.6000","962"
"1441","大東","29929","250308","8.48","8.48","8.30","8.34","-0.0400","60"
"1442","名軒","95413","2143160","22.70","23.00","22.30","22.35","-0.4500","71"
"1443","立益","364340","6179775","17.15","17.45","16.50","16.50","-1.0500","250"
"1444","力麗","1614421","17194893","10.85","10.85","10.45","10.45","-0.2000","626"
"1445","大宇","351698","5623335","16.30","16.30","15.85","15.90","-0.0500","132"
"1446","宏和","72031","2386626","33.35","33.50","32.90","33.10","-0.0500","56"
"1447","力鵬","3595027","30250476","8.55","8.64","8.20","8.20","-0.2800","1483"
"1449","佳和","91993","988573","10.95","10.95","10.70","10.75","-0.2000","72"
"1451","年興","910720","21531875","24.25","24.25","23.35","23.45","-0.6500","625"
"1452","宏益","145395","3239443","22.45","22.45","22.10","22.15","-0.2000","98"
"1453","大將","5377976","136053769","26.30","27.05","23.60","24.60","-0.9500","3031"
"1454","台富","1003060","16251830","16.20","16.75","15.50","15.55","-0.7500","558"
"1455","集盛","1407640","17604207","12.70","12.80","12.15","12.20","-0.4000","620"
"1456","怡華","212374","3653159","17.15","17.75","17.00","17.00","0.0000","119"
"1457","宜進","726825","13937575","19.45","19.50","18.90","18.95","-0.3000","421"
"1459","聯發","1154452","12623204","11.40","11.40","10.60","10.65","-0.4500","554"
"1460","宏遠","563870","4342303","7.79","7.79","7.60","7.60","-0.1300","270"
"1463","強盛","106710","1488839","13.95","14.10","13.90","13.95","-0.0500","50"
"1464","得力","271629","3803002","14.10","14.10","13.85","13.90","-0.1000","290"
"1465","偉全","28381","372382","13.15","13.15","13.00","13.00","-0.0500","80"
"1466","聚隆","207118","2774174","13.55","13.70","13.25","13.35","-0.0500","102"
"1467","南緯","739698","10205077","14.00","14.00","13.65","13.65","-0.2500","237"
"1468","昶和","75004","924299","12.30","12.50","12.15","12.40","-0.1000","52"
"1470","大統新創","53068","1176616","24.00","24.00","21.05","21.05","-1.3000","52"
"1471","首利","1639081","13225190","8.21","8.50","7.70","7.82","-0.3000","715"
"1472","三洋實業","27380","659189","23.45","25.35","22.80","25.25","-0.0500","24"
"1473","台南","293976","5557503","19.10","19.10","18.75","18.95","-0.1500","199"
"1474","弘裕","454341","5874999","13.20","13.20","12.55","12.55","-0.8000","221"
"1475","業旺","78330","5225800","67.00","67.90","65.50","67.00","0.0000","72"
"1476","儒鴻","815827","389244948","483.00","492.00","466.50","466.50","-8.5000","997"
"1477","聚陽","1789468","290689957","164.00","166.50","158.00","158.50","-3.0000","1423"
"1503","士電","577329","34913285","60.30","61.10","59.60","59.60","0.3000","437"
"1504","東元","2325733","66266755","28.80","28.85","28.20","28.20","-0.4000","1403"
"1506","正道","598891","10169076","17.55","17.55","16.65","16.70","-0.6500","371"
"1512","瑞利","73001","268833","3.71","3.72","3.63","3.63","-0.0800","31"
"1513","中興電","4469132","216238248","48.70","48.90","47.55","47.65","-0.4000","2920"
"1514","亞力","2090150","56958974","27.85","27.85","26.85","26.90","-0.6000","1185"
"1515","力山","2721800","86380312","33.60","33.60","30.50","30.50","-2.6500","1778"
"1516","川飛","224008","5672453","25.60","25.70","25.10","25.10","-0.2000","169"
"1517","利奇","1924000","44859232","23.40","23.70","22.95","23.05","0.5000","1168"
"1519","華城","1233693","42844294","35.30","35.55","34.20","34.20","-0.8000","831"
"1521","大億","240757","9277913","39.40","39.95","36.15","36.15","-3.2000","224"
"1522","堤維西","24645985","685982194","27.65","28.55","27.20","27.45","0.0500","12340"
"1522A","堤維西甲特","1000","44500","44.50","44.50","44.50","44.50","0.0000","1"
"1524","耿鼎","85432107","1808709878","20.95","22.30","20.25","21.10","0.8000","33551"
"1525","江申","79664","4814295","61.80","61.80","58.50","59.60","0.7000","79"
"1526","日馳","281442","13451795","48.10","48.35","47.20","47.25","-0.6500","229"
"1527","鑽全","1677082","78914985","47.05","47.65","46.30","46.30","-0.3000","1155"
"1528","恩德","1171086","11780881","10.10","10.30","9.77","9.77","-0.2100","493"
"1529","樂士","679212","13593169","20.20","20.55","19.40","19.40","-0.5000","399"
"1530","亞崴","15535","485414","31.50","31.80","30.80","30.80","-0.4000","32"
"1531","高林股","24494","360739","14.85","14.85","14.65","14.65","-0.1000","49"
"1532","勤美","198367","6439352","33.00","33.00","32.10","32.15","-0.6500","144"
"1533","車王電","11358424","757453647","65.40","67.70","65.30","66.80","2.7000","7623"
"1535","中宇","26765","1127146","42.55","42.60","41.55","41.90","-0.5500","37"
"1536","和大","612317","45675274","76.00","76.00","72.90","73.20","-1.7000","456"
"1537","廣隆","126657","17489199","138.00","139.00","137.00","138.00","0.0000","142"
"1538","正峰","208","1275","","","","","0.0000","5"
"1539","巨庭","6142376","211870898","35.90","36.30","31.80","31.80","-3.5000","3581"
"1540","喬福","438728","6807759","15.80","15.85","15.30","15.30","-0.3500","272"
"1541","錩泰","567579","29060498","52.60","53.10","49.55","49.60","-2.9000","607"
"1558","伸興","40061","5555694","138.50","139.50","138.00","138.00","-0.5000","59"
"1560","中砂","27498129","4480428678","164.00","169.00","155.00","155.00","-4.0000","18309"
"1568","倉佑","15414879","430689695","28.10","28.85","27.00","27.05","-0.2000","8544"
"1582","信錦","96259","6610887","69.10","69.30","68.00","68.60","-0.5000","129"
"1583","程泰","2018","114834","56.50","57.30","56.50","57.30","-0.2000","4"
"1587","吉茂","286608","7272201","25.35","25.95","25.10","25.10","-0.0500","200"
"1589","永冠-KY","708053","39941597","57.80","58.40","55.20","55.20","-2.3000","514"
"1590","亞德客-KY","703455","726168485","1050.00","1050.00","1015.00","1020.00","0.0000","706"
"1597","直得","101332","7953737","79.80","79.90","77.30","77.70","-1.4000","155"
"1598","岱宇","150356","6269760","41.80","42.30","41.55","41.55","0.0000","107"
"1603","華電","397549","11135881","28.20","28.40","27.40","27.40","-0.9000","226"
"1604","聲寶","135688","4140405","30.60","30.75","30.20","30.40","0.0000","118"
"1605","華新","69134123","2976019252","44.00","44.35","41.55","41.55","-1.5000","30980"
"1608","華榮","536251","9865620","18.65","18.70","18.05","18.05","-0.4500","405"
"1609","大亞","5859638","141065308","24.60","24.65","23.65","23.70","-0.6000","2776"
"1611","中電","44807026","958494985","21.35","22.40","20.65","20.70","-0.3000","18768"
"1612","宏泰","1292217","30466468","24.15","24.15","23.10","23.10","-0.6500","701"
"1614","三洋電","52300","1930664","37.10","37.10","36.60","36.80","0.3500","19"
"1615","大山","41295","1400869","34.85","34.85","33.70","33.80","0.0000","32"
"1616","億泰","568395","5164640","9.10","9.24","8.95","8.96","-0.1800","251"
"1617","榮星","106196","1696185","16.10","16.10","15.90","15.95","-0.0500","61"
"1618","合機","606589","8246131","13.70","13.80","13.30","13.35","-0.2500","221"
"1626","艾美特-KY","1732303","34219698","19.75","20.25","19.25","19.35","0.1000","1072"
"1701","中化","677196","14820056","22.10","22.10","21.70","21.70","-0.2500","457"
"1702","南僑","224135","10325286","46.35","46.35","45.95","46.00","-0.0500","239"
"1707","葡萄王","144613","20091537","139.00","140.00","138.00","138.50","-0.5000","264"
"1708","東鹼","10561184","538111729","53.00","53.30","49.20","49.20","-3.0000","5694"
"1709","和益","1493860","37794720","25.65","25.65","24.85","24.95","-0.4000","801"
"1710","東聯","829545","16216867","19.80","19.80","19.35","19.35","-0.3000","475"
"1711","永光","1884122","41355203","22.20","22.35","21.50","21.50","0.0000","1009"
"1712","興農","1341775","43573069","32.95","33.05","32.00","32.10","-0.6500","962"
"1713","國化","49044","1190570","24.45","24.45","24.10","24.10","-0.3000","43"
"1714","和桐","981784","9558140","9.79","9.84","9.60","9.61","-0.0900","442"
"1717","長興","2455955","83659655","34.70","34.75","33.65","33.65","-0.6000","1448"
"1718","中纖","1581632","13299368","8.49","8.51","8.25","8.26","-0.1600","771"
"1720","生達","635358","28035677","44.10","44.50","43.65","44.00","0.3000","470"
"1721","三晃","1619568","30625756","19.20","19.45","18.45","18.45","-0.6500","952"
"1722","台肥","1473897","100450194","68.80","68.90","67.30","67.50","-1.0000","1634"
"1723","中碳","1059237","131690782","124.50","126.00","122.50","122.50","-2.5000","834"
"1725","元禎","27132","595054","22.50","22.50","21.70","21.80","-0.2000","25"
"1726","永記","14039","1010633","72.70","72.70","71.90","71.90","-0.7000","15"
"1727","中華化","1823057","72456537","41.20","41.50","38.50","38.50","-2.1000","1252"
"1730","花仙子","21512","1294110","61.10","61.10","59.90","60.00","-0.5000","32"
"1731","美吾華","248639","4801321","19.50","19.55","19.00","19.20","-0.2000","149"
"1732","毛寶","1837592","58695934","32.60","33.00","30.65","30.85","-1.7000","1178"
"1733","五鼎","674192","17462376","25.85","26.20","25.60","25.60","0.0000","420"
"1734","杏輝","1935673","55593495","28.60","28.95","28.35","28.90","0.5500","1173"
"1735","日勝化","9010","142008","15.90","15.90","15.70","15.70","-0.0500","5"
"1736","喬山","120357","6502547","54.70","54.70","52.70","53.70","-0.7000","101"
"1737","臺鹽","110377","3681058","33.40","33.60","33.25","33.30","-0.1000","142"
"1752","南光","100000","3702500","37.20","37.20","36.70","37.05","-0.0500","78"
"1760","寶齡富錦","1774521","162481651","92.50","93.30","90.00","90.00","-2.5000","1412"
"1762","中化生","358463","19924005","56.00","56.60","54.70","54.80","-1.1000","395"
"1773","勝一","688439","142580168","212.50","212.50","202.00","204.00","-1.5000","3118"
"1776","展宇","42111","839076","20.10","20.10","19.80","19.80","-0.2500","32"
"1783","和康生","181088","7313112","40.05","41.30","40.00","40.00","-0.0500","114"
"1786","科妍","115850","4832317","41.50","42.45","40.70","40.70","-0.6000","122"
"1789","神隆","1115359","27119094","24.50","24.60","24.00","24.10","0.1500","755"
"1795","美時","16202818","2266661082","140.00","143.00","136.50","137.00","-3.0000","10561"
"1802","台玻","3481069","73124496","21.50","21.50","20.70","20.70","-0.4500","2055"
"1805","寶徠","104105","1220150","11.90","11.95","11.50","11.95","0.0500","51"
"1806","冠軍","383922","4381474","11.55","11.60","11.25","11.30","-0.1500","201"
"1808","潤隆","233751","15716049","68.00","68.20","66.50","67.00","-0.8000","184"
"1809","中釉","244494","2994256","12.40","12.45","12.05","12.05","-0.2500","171"
"1810","和成","292290","3611657","12.65","12.65","12.20","12.20","-0.3000","133"
"1817","凱撒衛","25377","887250","35.05","35.05","34.80","34.90","-0.1000","24"
"1903","士紙","174136","10133646","58.90","58.90","57.40","57.50","-0.9000","83"
"1904","正隆","2918019","88260368","30.20","30.50","29.95","30.00","-0.0500","1991"
"1905","華紙","3158469","60878158","19.60","19.75","18.90","18.95","-0.5000","1741"
"1906","寶隆","1063342","21891980","20.95","20.95","20.10","20.35","-0.1500","285"
"1907","永豐餘","1498770","40658917","27.70","27.70","26.70","26.75","-0.5000","937"
"1909","榮成","1647696","29123473","17.90","17.95","17.40","17.45","-0.2500","820"
"2002","中鋼","25717930","870499029","34.15","34.15","33.55","33.55","-0.2500","9236"
"2002A","中鋼特","27228","1404209","51.70","51.80","51.50","51.80","0.0000","32"
"2006","東和鋼鐵","8055863","528185266","67.00","67.00","64.60","65.00","-0.5000","6416"
"2007","燁興","1455411","19853816","14.10","14.15","13.20","13.20","-0.7500","644"
"2008","高興昌","64060","1098130","17.25","17.45","16.90","17.05","-0.1500","38"
"2009","第一銅","1031722","32211023","31.85","32.00","30.45","30.45","-0.9500","704"
"2010","春源","971654","17703699","18.70","18.70","18.00","18.00","-0.4500","545"
"2012","春雨","107777","2936761","27.90","27.90","27.00","27.00","-0.6500","98"
"2013","中鋼構","667247","38601587","58.50","59.50","56.90","57.00","-1.4000","502"
"2014","中鴻","8800364","268371965","31.30","31.35","30.00","30.00","-0.9000","4887"
"2015","豐興","306512","22993561","76.00","76.10","74.00","74.20","-1.5000","416"
"2017","官田鋼","579698","8632445","15.20","15.20","14.70","14.70","-0.3500","529"
"2020","美亞","2819676","77528376","27.60","27.75","26.80","26.85","0.0000","1279"
"2022","聚亨","933252","8867723","9.68","9.76","9.31","9.32","-0.3100","544"
"2023","燁輝","4451490","84262621","19.50","19.50","18.50","18.50","-0.7500","2363"
"2024","志聯","76640","1522564","20.40","20.40","19.55","19.55","-0.5000","59"
"2025","千興","363256","2130848","6.05","6.05","5.70","5.81","-0.0900","113"
"2027","大成鋼","17680932","696180455","40.50","40.65","38.45","38.55","-1.5000","9452"
"2028","威致","938568","27571006","30.40","30.40","28.65","28.65","-1.4500","581"
"2029","盛餘","1045444","30556275","29.95","29.95","28.85","28.85","-0.8000","629"
"2030","彰源","3098457","84034129","27.80","27.85","26.60","26.60","-0.9000","1673"
"2031","新光鋼","3069038","140952731","47.15","47.35","45.00","45.00","-1.5500","1849"
"2032","新鋼","511909","12126523","24.15","24.25","23.10","23.15","-0.8500","311"
"2033","佳大","181512","3164553","18.10","18.10","17.00","17.00","-0.7000","155"
"2034","允強","2066131","60103091","29.50","29.50","28.80","28.85","-0.4500","1201"
"2038","海光","1049191","24823987","24.25","24.45","22.95","22.95","-1.2500","669"
"2049","上銀","4034603","1030043075","255.00","259.50","252.00","252.00","0.5000","3516"
"2059","川湖","190389","82113907","444.00","444.00","420.00","420.00","-21.0000","211"
"2062","橋椿","203589","5204194","25.80","25.80","25.45","25.55","0.0000","107"
"2069","運錩","641854","15841182","25.20","25.40","24.20","24.30","-0.6500","446"
"2101","南港","802425","30917917","38.95","39.00","38.15","38.15","-0.5000","445"
"2102","泰豐","2304612","47380963","21.00","21.10","20.20","20.30","-0.5500","757"
"2103","台橡","5140656","162280604","30.95","32.00","30.90","31.20","0.6000","2452"
"2104","國際中橡","4533812","91755652","20.40","20.55","20.00","20.05","-0.2500","1107"
"2105","正新","2120946","74629286","35.60","35.65","34.80","34.85","-0.2000","1233"
"2106","建大","366665","11420756","31.40","31.45","30.90","30.95","-0.1500","240"
"2107","厚生","453579","9778553","21.85","21.90","21.30","21.50","-0.2500","267"
"2108","南帝","1523891","73373683","48.70","49.20","47.15","47.15","-1.5000","1208"
"2109","華豐","124609","1836800","14.90","14.95","14.50","14.50","-0.1500","90"
"2114","鑫永銓","20285","2473291","124.00","124.00","121.00","121.50","-2.5000","30"
"2115","六暉-KY","66431","2360878","36.20","36.20","35.00","35.35","-0.5500","70"
"2201","裕隆","15171728","703310866","46.00","46.60","45.60","45.80","0.4000","7233"
"2204","中華","833560","52478119","63.10","63.20","62.50","62.70","-0.1000","582"
"2206","三陽工業","28135770","950763501","33.20","34.90","32.45","33.60","0.7500","12491"
"2207","和泰車","205194","119243591","586.00","589.00","576.00","579.00","0.0000","308"
"2208","台船","1395426","25808926","18.90","18.95","18.20","18.25","-0.5000","1276"
"2211","長榮鋼","606084","36262556","59.80","60.10","59.30","59.40","0.1000","408"
"2227","裕日車","42638","10045984","239.00","240.00","233.00","233.00","-6.0000","161"
"2228","劍麟","26091","1724323","66.50","66.80","65.80","65.90","-0.2000","29"
"2231","為升","230935","32423639","144.00","144.00","138.00","140.00","-0.5000","264"
"2233","宇隆","2017336","252131447","125.50","126.00","123.50","124.50","-1.0000","2166"
"2236","百達-KY","62161","1623744","26.30","26.30","25.85","25.85","-0.4000","39"
"2239","英利-KY","20030","1163265","58.70","58.70","57.00","57.90","-0.3000","23"
"2241","艾姆勒","62190","2340693","37.75","38.20","37.05","37.05","-0.3500","54"
"2243","宏旭-KY","249332","4241509","17.30","17.50","16.50","16.50","-0.5500","179"
"2247","汎德永業","20249","4186732","209.00","209.00","206.00","206.00","-1.0000","40"
"2250","IKKA-KY","42010","3699768","88.50","89.00","87.40","87.60","-0.5000","36"
"2301","光寶科","3529883","214407304","61.50","61.60","60.30","60.30","-0.7000","1880"
"2302","麗正","1804965","32690548","18.25","18.75","17.35","17.40","-0.8000","1003"
"2303","聯電","65503334","3270193472","50.50","50.80","49.05","49.10","-0.5500","22860"
"2305","全友","2883578","54355407","18.85","18.85","18.85","18.85","1.7000","836"
"2308","台達電","6206389","1423786812","229.00","232.00","226.00","227.50","2.5000","5143"
"2312","金寶","7346283","100099763","13.90","13.90","13.35","13.35","-0.3000","2418"
"2313","華通","24037538","1163118935","49.10","49.30","47.25","47.60","-0.6500","13819"
"2314","台揚","5804718","355163776","62.40","62.50","59.30","59.80","-1.2000","3857"
"2316","楠梓電","208153","6082321","29.70","29.75","28.95","28.95","-0.4000","182"
"2317","鴻海","31674634","3556826569","113.50","113.50","110.50","111.50","-0.5000","13942"
"2321","東訊","21301","126032","5.80","6.12","5.80","5.84","-0.2900","16"
"2323","中環","3695967","32137927","8.71","8.83","8.53","8.53","-0.0900","1407"
"2324","仁寶","10536713","240562810","23.00","23.05","22.75","22.75","-0.1000","4095"
"2327","國巨","2892426","1092161871","386.00","387.50","368.00","368.00","-15.5000","3755"
"2328","廣宇","14298609","565531660","39.55","40.05","38.40","38.40","-0.6000","7208"
"2329","華泰","2969589","55865699","19.35","19.40","18.45","18.50","-0.5500","1316"
"2330","台積電","27855028","14261156764","515.00","516.00","507.00","508.00","0.0000","42172"
"2331","精英","1292801","26824908","21.05","21.15","20.30","20.35","-0.4000","765"
"2332","友訊","963399","14664085","15.40","15.50","15.05","15.10","-0.1500","554"
"2337","旺宏","7033441","269895301","38.50","39.00","37.70","37.80","-0.3500","4552"
"2338","光罩","10267084","960150840","96.20","96.70","90.40","90.40","-4.2000","9851"
"2340","台亞","19469521","942258698","48.30","49.70","47.15","47.15","-0.2000","11109"
"2342","茂矽","1759306","74840977","43.80","43.95","41.20","41.20","-1.8000","1286"
"2344","華邦電","28383777","737727873","26.45","26.50","25.40","25.45","0.0000","10967"
"2345","智邦","6763398","1672909100","245.00","254.00","242.00","242.50","2.5000","11566"
"2347","聯強","7916697","453966814","58.00","58.30","56.90","56.90","-0.5000","4577"
"2348","海悅","80707","7712421","96.70","96.70","95.00","96.00","-0.6000","86"
"2348A","海悅甲特","4370","161995","37.00","37.15","37.00","37.15","0.1500","5"
"2349","錸德","1731003","15277552","8.90","8.95","8.61","8.76","-0.0500","728"
"2351","順德","1389071","197475596","146.00","147.50","137.00","137.00","-5.5000","1343"
"2352","佳世達","3303228","97913322","29.85","30.00","29.20","29.30","-0.3500","1579"
"2353","宏碁","14769542","401452076","27.60","27.60","26.90","27.00","-0.2000","5504"
"2354","鴻準","5752040","321804714","56.80","56.90","55.20","55.20","-1.0000","3562"
"2355","敬鵬","2309566","73153934","32.85","32.85","30.70","30.70","-1.8000","1774"
"2356","英業達","6178633","157309611","25.65","25.65","25.30","25.30","0.0000","2375"
"2357","華碩","1722812","562713181","329.50","329.50","324.00","324.50","-0.5000","2009"
"2358","廷鑫","819246","15297860","19.10","19.30","18.25","18.25","-0.6500","494"
"2359","所羅門","4183362","109052603","26.35","26.60","25.40","25.40","-0.4500","1952"
"2360","致茂","372750","60934725","168.50","168.50","160.00","160.00","-6.5000","640"
"2362","藍天","240991","8055265","33.95","33.95","33.00","33.05","-0.6000","169"
"2363","矽統","1896539","43198657","23.05","23.20","22.40","22.40","-0.4000","1043"
"2364","倫飛","373711","12566154","32.10","34.35","32.10","34.35","3.1000","295"
"2365","昆盈","350788","3712625","10.65","10.75","10.40","10.40","-0.1500","159"
"2367","燿華","3732915","66611406","18.30","18.35","17.30","17.35","-0.5500","1843"
"2368","金像電","21962466","1891288030","89.00","89.50","83.10","83.10","-4.5000","13293"
"2369","菱生","2474228","47394833","19.60","19.75","18.70","18.70","-0.7000","1238"
"2371","大同","55265190","1940070657","36.70","36.70","33.85","34.20","-2.5000","17979"
"2373","震旦行","21848","1912542","88.70","88.70","87.30","87.40","-0.3000","35"
"2374","佳能","770110","18024189","23.70","23.85","23.05","23.10","-0.3500","573"
"2375","凱美","648218","40665087","64.70","64.90","61.00","61.00","-2.8000","492"
"2376","技嘉","9160216","914075552","101.50","102.50","98.80","98.80","-1.2000","7066"
"2377","微星","2132590","277257363","132.50","133.50","128.00","129.00","-1.0000","1813"
"2379","瑞昱","1801057","783400592","435.00","443.50","422.00","429.50","3.5000","1825"
"2380","虹光","454265","4918068","10.90","11.05","10.55","10.60","-0.1000","251"
"2382","廣達","4913706","395684976","81.00","81.40","79.80","79.80","-0.2000","3464"
"2383","台光電","2242105","488526635","229.00","229.00","211.50","212.50","-11.5000","2519"
"2385","群光","11143859","855916455","76.50","78.10","76.30","76.30","0.0000","6630"
"2387","精元","296225","10912991","37.05","37.50","36.30","36.30","-0.4500","247"
"2388","威盛","1845735","87376789","48.15","48.70","45.70","45.70","-1.4000","1268"
"2390","云辰","855962","15227922","18.05","18.15","17.45","17.45","-0.4500","492"
"2392","正崴","462459","15670032","34.25","34.30","33.50","33.50","-0.3000","349"
"2393","億光","1123519","48494607","43.70","43.90","42.55","42.55","-0.8500","841"
"2395","研華","778262","264614833","339.00","345.50","336.00","336.00","0.0000","700"
"2397","友通","8066","486808","60.90","60.90","59.90","60.40","-0.1000","10"
"2399","映泰","655260","11050862","17.05","17.25","16.50","16.50","-0.3000","400"
"2401","凌陽","5115810","167987041","33.60","33.75","32.15","32.20","-1.0500","3127"
"2402","毅嘉","360353","5574587","15.75","15.75","15.30","15.30","-0.2500","255"
"2404","漢唐","1170646","218213315","189.50","190.50","182.50","183.00","-3.0000","3675"
"2405","浩鑫","5072269","66491967","13.10","13.35","12.75","12.75","-0.2000","1457"
"2406","國碩","3847553","83650986","22.10","22.40","21.10","21.10","-0.6000","2123"
"2408","南亞科","7244141","443978238","62.10","62.40","60.40","60.40","-0.8000","4495"
"2409","友達","51448486","887805042","17.50","17.60","16.90","17.10","-0.3000","10802"
"2412","中華電","8345695","1039403624","126.00","126.00","124.00","124.00","-1.0000","4657"
"2413","環科","549185","11360648","21.20","21.50","20.10","20.15","-1.0000","305"
"2414","精技","106134","3530914","33.60","33.90","33.05","33.05","-0.4000","89"
"2415","錩新","236902","8440133","36.00","36.85","34.80","34.80","-1.2000","200"
"2417","圓剛","523850","12852531","25.15","25.15","24.20","24.20","-0.6000","537"
"2419","仲琦","391197","7518066","19.65","19.65","18.85","18.85","-0.5500","237"
"2420","新巨","153696","6627159","43.30","43.30","42.90","42.90","-0.2000","119"
"2421","建準","349046","13248311","38.70","38.70","37.40","37.40","-0.7500","256"
"2423","固緯","306147","8834693","29.10","29.15","28.35","28.35","-0.5500","225"
"2424","隴華","2047","42905","20.95","20.95","20.95","20.95","-0.4500","3"
"2425","承啟","815091","24357954","29.90","30.35","29.55","29.95","0.2000","365"
"2426","鼎元","648866","13860070","21.80","22.00","20.95","20.95","-0.6500","466"
"2427","三商電","1037012","13427162","13.15","13.25","12.50","12.60","-0.4000","511"
"2428","興勤","899924","122357939","136.50","139.50","130.50","130.50","-3.5000","638"
"2429","銘旺科","20010","303548","15.35","15.50","15.00","15.00","0.0500","20"
"2430","燦坤","199296","6830530","34.25","34.60","34.00","34.00","0.0000","182"
"2431","聯昌","111169","1226900","11.20","11.20","10.80","10.80","-0.2500","81"
"2433","互盛電","6120","313879","51.50","51.50","51.10","51.20","-0.3000","9"
"2434","統懋","3481","116513","33.50","33.50","33.40","33.40","-0.1000","5"
"2436","偉詮電","4907518","309610039","66.50","66.80","60.80","61.00","-4.5000","3348"
"2438","翔耀","12058","164638","13.95","13.95","13.45","13.60","0.0000","11"
"2439","美律","363102","29412913","82.00","82.30","80.20","80.20","-1.3000","743"
"2440","太空梭","158306","2053437","13.05","13.40","12.85","12.85","-0.2500","91"
"2441","超豐","820721","57138620","70.10","70.30","69.10","69.10","-0.8000","588"
"2442","新美齊","871504","11177808","13.00","13.05","12.65","12.70","-0.1500","454"
"2443","昶虹","36482","129320","3.65","3.71","3.51","3.70","0.0500","17"
"2444","兆勁","4702858","64141710","12.80","13.75","12.75","13.75","1.2500","1719"
"2449","京元電子","6287996","290082013","46.00","46.60","45.60","45.60","-0.1000","3847"
"2450","神腦","332359","11269922","34.20","34.20","33.60","33.60","-0.3500","134"
"2451","創見","306464","21823283","71.80","71.80","70.70","70.70","-0.7000","284"
"2453","凌群","198465","5273401","26.90","27.15","25.85","26.15","-0.5000","146"
"2454","聯發科","5021856","4468917292","906.00","908.00","869.00","873.00","-11.0000","8871"
"2455","全新","1865511","173457196","95.70","96.00","90.60","90.60","-3.8000","1799"
"2457","飛宏","3550612","135970479","38.80","39.25","37.35","37.40","-0.9000","2263"
"2458","義隆","1329222","189796541","144.50","146.00","141.00","141.00","-3.0000","1261"
"2459","敦吉","90257","4617397","51.20","51.80","50.70","50.70","-0.4000","69"
"2460","建通","135103","2837005","21.45","21.60","20.55","20.55","-0.7500","122"
"2461","光群雷","904259","19028696","21.10","21.30","20.60","20.65","-0.4500","380"
"2462","良得電","593583","15928470","27.45","27.45","26.45","26.45","-0.6500","458"
"2464","盟立","174349","7022981","40.70","40.75","39.95","39.95","-0.3500","182"
"2465","麗臺","1695086","70363319","41.30","42.85","40.00","40.35","-0.2500","1261"
"2466","冠西電","373467","14184542","37.50","39.00","36.65","36.65","0.0000","278"
"2467","志聖","145616","6583047","45.60","45.70","44.60","44.65","-0.6500","138"
"2468","華經","26038","342201","13.30","13.30","13.05","13.05","-0.1500","18"
"2471","資通","69808","1954246","28.25","28.25","27.85","27.85","-0.2000","72"
"2472","立隆電","283939","17731974","64.00","64.00","61.50","61.50","-1.7000","238"
"2474","可成","2113305","350239895","168.00","169.00","164.00","164.50","-2.0000","3366"
"2476","鉅祥","1001302","47038256","47.45","48.25","45.85","45.85","-1.0500","707"
"2477","美隆電","138617","3474573","25.30","25.35","24.85","25.10","0.0500","108"
"2478","大毅","92949","5191215","56.20","56.30","55.10","55.40","-0.3000","164"
"2480","敦陽科","400088","36398996","91.00","91.30","90.60","90.60","-0.4000","358"
"2481","強茂","20787711","1560634321","80.20","80.50","71.60","71.60","-7.4000","14517"
"2482","連宇","25195931","693977621","28.00","28.90","25.75","26.35","-2.2000","11005"
"2483","百容","479371","12255623","26.10","26.20","25.15","25.20","-0.5500","317"
"2484","希華","6249144","240605397","38.30","39.00","37.65","37.70","0.1000","2886"
"2485","兆赫","569601","9600743","17.10","17.15","16.55","16.55","-0.4000","489"
"2486","一詮","1482653","50274615","35.60","35.60","32.90","32.90","-1.7000","963"
"2488","漢平","110325","3045152","27.95","27.95","27.40","27.60","-0.1000","94"
"2489","瑞軒","1433902","19124880","13.45","13.55","13.15","13.15","-0.2000","611"
"2491","吉祥全","105060","1760201","17.00","17.10","16.20","16.45","-0.2500","80"
"2492","華新科","2283322","239843346","107.00","108.00","102.50","103.00","-2.5000","1890"
"2493","揚博","113444","4825746","42.80","42.80","42.25","42.60","-0.1500","210"
"2495","普安","363377","5672321","15.95","15.95","15.20","15.25","-0.4000","234"
"2496","卓越","24062","1193837","50.30","50.30","49.10","49.10","-0.9000","25"
"2497","怡利電","18204463","1536638166","83.20","87.40","79.90","79.90","-1.8000","11095"
"2498","宏達電","13576179","631886070","46.70","47.80","45.05","45.05","-0.7000","7721"
"2501","國建","253021","4475880","17.75","17.80","17.60","17.60","-0.1000","145"
"2504","國產","2841092","75038825","26.30","26.60","26.10","26.20","-0.0500","1177"
"2505","國揚","168385","3321100","20.10","20.10","19.35","19.45","-0.5000","216"
"2506","太設","87908","823331","9.43","9.43","9.35","9.35","-0.0200","49"
"2509","全坤建","137642","2167786","15.90","15.95","15.60","15.60","-0.2000","277"
"2511","太子","412719","4898094","12.05","12.05","11.70","11.75","-0.2000","217"
"2514","龍邦","67433","1118823","16.70","16.70","16.55","16.60","0.0000","66"
"2515","中工","3137729","28150791","9.03","9.05","8.89","8.89","-0.0700","1217"
"2516","新建","223457","1205843","5.37","5.48","5.36","5.39","-0.0100","89"
"2520","冠德","544970","19015258","35.10","35.15","34.60","34.65","-0.4500","397"
"2524","京城","10080","344688","34.65","34.65","33.85","33.85","-0.6000","17"
"2527","宏璟","381693","10065553","26.70","26.70","26.30","26.35","-0.1500","246"
"2528","皇普","30000","580950","19.60","19.60","19.25","19.30","-0.2000","15"
"2530","華建","461073","6653956","14.50","14.55","14.40","14.50","0.0000","104"
"2534","宏盛","2176445","55499486","25.85","25.90","25.20","25.35","-0.5000","663"
"2535","達欣工","352394","10808646","31.00","31.00","30.50","30.50","-0.3000","349"
"2536","宏普","220217","4720609","21.60","21.60","21.35","21.35","-0.1500","83"
"2537","聯上發","2367444","21740398","9.29","9.31","9.10","9.13","-0.1300","750"
"2538","基泰","1280058","16432250","13.10","13.10","12.75","12.75","-0.2000","447"
"2539","櫻花建","130019","4284843","33.10","33.10","32.80","32.80","-0.1500","101"
"2540","愛山林","56316","6884868","123.50","124.00","120.00","120.00","-3.0000","50"
"2542","興富發","10209036","455927149","45.10","45.20","44.50","44.55","-0.5000","6112"
"2543","皇昌","581483","5471081","9.53","9.53","9.25","9.40","-0.0200","211"
"2545","皇翔","2664880","149461580","57.20","57.60","54.90","54.90","-2.1000","1738"
"2546","根基","56733","2993530","53.00","53.30","52.30","52.40","-0.5000","83"
"2547","日勝生","526724","5037838","9.60","9.69","9.46","9.47","-0.1300","243"
"2548","華固","1089554","101694486","93.50","93.90","93.00","93.20","0.2000","836"
"2597","潤弘","108682","12165948","113.00","113.00","110.50","111.50","1.0000","117"
"2601","益航","7296313","72446624","10.15","10.15","9.82","9.82","-0.2300","2738"
"2603","長榮","195221433","24048791813","130.00","130.50","119.00","119.50","-8.5000","91675"
"2605","新興","6403557","150806238","24.40","24.40","22.95","22.95","-1.0500","3473"
"2606","裕民","9993321","536132195","55.10","55.60","52.40","52.40","-2.2000","6165"
"2607","榮運","7273822","237736303","34.00","34.30","31.80","31.80","-1.7000","3681"
"2608","嘉里大榮","604543","24775446","41.15","41.40","40.40","40.50","-0.5000","516"
"2609","陽明","84576065","10119930413","123.50","124.50","117.00","117.00","-5.0000","45781"
"2610","華航","74029185","1849095983","25.60","25.70","24.50","24.50","-0.5500","27067"
"2611","志信","1010279","21150821","21.70","21.75","20.35","20.35","-0.9500","703"
"2612","中航","855243","42957573","51.30","51.30","49.35","49.35","-1.1500","639"
"2613","中櫃","1208968","38425707","33.00","33.20","31.00","31.00","-1.5500","805"
"2614","東森","2458516","64436685","26.95","27.05","25.50","25.50","-1.0000","1437"
"2615","萬海","25519124","3465121698","143.00","143.50","131.00","131.00","-9.5000","16942"
"2616","山隆","434293","15988689","36.75","37.00","36.70","36.80","0.0500","422"
"2617","台航","3306089","112361949","34.45","34.75","33.25","33.30","-0.7000","1817"
"2618","長榮航","104505827","3382041375","33.20","33.25","31.30","31.45","-0.6500","32841"
"2630","亞航","73063","1291795","17.80","17.90","17.45","17.45","-0.2000","92"
"2633","台灣高鐵","1873436","52295917","28.10","28.10","27.65","27.70","-0.2500","1200"
"2634","漢翔","38141494","1339002965","34.40","36.30","34.00","34.75","0.7500","15818"
"2636","台驊投控","5270329","529894741","105.00","105.50","97.00","97.00","-6.5000","4503"
"2637","慧洋-KY","18033703","1483937411","85.10","85.50","80.00","80.00","-3.6000","11313"
"2642","宅配通","793425","51682181","65.20","66.40","63.70","63.70","0.0000","821"
"2701","萬企","86906","1035550","12.05","12.05","11.85","11.85","-0.1000","42"
"2702","華園","302935","8355195","27.55","27.85","27.10","27.25","-0.2000","230"
"2704","國賓","223143","7099415","32.00","32.05","31.50","31.60","-0.2000","168"
"2705","六福","1021869","18643313","18.65","18.75","17.85","17.90","-0.4500","625"
"2706","第一店","143324","2044673","14.40","14.40","14.10","14.20","-0.1000","148"
"2707","晶華","1227304","203114124","163.50","168.50","163.50","165.50","0.0000","1162"
"2712","遠雄來","27043","946267","36.60","36.60","33.15","34.00","-2.2000","26"
"2722","夏都","52247","1710428","33.55","33.55","32.20","32.20","-0.7000","50"
"2723","美食-KY","1805905","189794028","104.50","107.50","103.00","103.50","1.5000","1475"
"2727","王品","132606","16086900","123.00","123.00","119.50","121.00","0.0000","233"
"2731","雄獅","811398","81243854","101.00","101.50","98.70","98.70","-1.1000","647"
"2739","寒舍","37116","856450","23.45","23.45","22.90","22.90","-0.4000","36"
"2748","雲品","115168","4999289","43.45","44.00","42.85","43.00","-0.3000","108"
"2753","八方雲集","460264","68782539","152.00","153.50","146.00","146.00","-5.5000","661"
"2801","彰銀","10607477","187741931","17.85","17.95","17.55","17.55","-0.1000","2470"
"2809","京城銀","1024061","37388231","36.75","36.80","36.30","36.30","-0.1000","801"
"2812","台中銀","7256492","100915192","13.95","14.10","13.75","13.75","-0.1000","2612"
"2816","旺旺保","49080","860140","17.60","17.70","17.35","17.35","0.0000","35"
"2820","華票","400228","6753285","17.00","17.00","16.75","16.75","-0.1500","265"
"2832","台產","156064","3040175","19.55","19.65","19.40","19.50","0.0000","151"
"2834","臺企銀","51307181","635547126","12.40","12.60","12.15","12.20","-0.0500","8321"
"2836","高雄銀","1099882","15111962","13.60","13.95","13.50","13.60","0.1000","567"
"2836A","高雄銀甲特","6059","145016","23.90","23.95","23.90","23.95","0.0500","6"
"2838","聯邦銀","2027355","30318018","14.95","15.20","14.70","14.90","0.0500","892"
"2838A","聯邦銀甲特","58777","3143110","53.50","53.50","53.40","53.50","0.0000","38"
"2845","遠東銀","7557780","87508460","11.55","11.70","11.50","11.50","0.0500","1548"
"2849","安泰銀","142202","2189198","15.55","15.55","15.20","15.25","-0.1500","73"
"2850","新產","284602","14938690","52.90","53.30","51.70","51.70","-1.0000","291"
"2851","中再保","2658135","73041333","27.50","27.85","27.10","27.15","0.0000","1084"
"2852","第一保","170723","2718903","16.00","16.00","15.80","15.80","-0.1000","121"
"2855","統一證","852435","16237532","19.20","19.20","18.85","18.85","-0.2500","599"
"2867","三商壽","3548487","25676575","7.28","7.31","7.15","7.22","-0.0100","1243"
"2880","華南金","13474343","311737491","23.40","23.50","22.80","22.90","-0.1500","4782"
"2881","富邦金","17457805","1086960526","62.50","63.20","61.60","61.90","0.1000","8109"
"2881A","富邦特","227099","14345537","63.20","63.30","63.10","63.30","0.1000","81"
"2881B","富邦金乙特","49219","3040133","61.80","61.90","61.70","61.90","0.0000","47"
"2881C","富邦金丙特","75796","4502625","59.50","59.50","59.30","59.30","-0.3000","64"
"2882","國泰金","16632097","897248227","54.20","54.60","53.60","53.70","0.1000","5135"
"2882A","國泰特","50186","3120661","62.20","62.30","62.10","62.30","0.0000","25"
"2882B","國泰金乙特","35549","2211195","62.20","62.30","62.20","62.30","-0.1000","42"
"2883","開發金","57645535","890740333","15.65","15.75","15.20","15.25","-0.2500","16879"
"2883B","開發金乙特","1802449","15283029","8.51","8.51","8.46","8.47","-0.0200","660"
"2884","玉山金","28953602","856807885","29.45","29.90","29.35","29.50","0.3500","10170"
"2885","元大金","20627083","479390725","23.25","23.45","23.10","23.10","0.0500","7076"
"2886","兆豐金","22161331","805214947","36.50","36.85","36.10","36.15","-0.0500","8509"
"2887","台新金","23775896","404764085","17.20","17.25","16.90","16.90","0.0000","6738"
"2887E","台新戊特","66014","3533147","53.60","53.60","53.50","53.50","-0.1000","14"
"2887F","台新戊特二","23122","1186034","51.30","51.30","51.20","51.30","0.0000","11"
"2888","新光金","65306521","601387897","9.30","9.38","9.07","9.10","-0.0800","12503"
"2888A","新光金甲特","11009","463428","42.10","42.10","42.05","42.05","0.0500","10"
"2888B","新光金乙特","49543","2086910","42.10","42.15","42.10","42.10","0.0000","38"
"2889","國票金","5825293","93774874","16.15","16.20","16.00","16.00","-0.0500","2276"
"2890","永豐金","16898288","291767613","17.40","17.50","17.05","17.10","-0.0500","5458"
"2891","中信金","67824488","1814492861","26.65","27.00","26.40","26.60","0.3000","16007"
"2891B","中信金乙特","4688","294305","62.80","62.90","62.80","62.90","0.0000","14"
"2891C","中信金丙特","4140","253874","61.20","61.40","61.20","61.40","0.0000","10"
"2892","第一金","33402472","888634024","26.55","26.95","26.30","26.40","0.0000","8675"
"2897","王道銀行","4618583","41250671","8.94","9.04","8.79","8.81","-0.0800","1386"
"2897A","王道銀甲特","2001","20510","10.25","10.25","10.25","10.25","-0.0500","2"
"2901","欣欣","34837","835649","24.00","24.00","23.90","23.95","0.0000","44"
"2903","遠百","342414","7006786","20.60","20.60","20.30","20.30","-0.1500","212"
"2904","匯僑","7140","158104","22.20","22.20","22.10","22.15","-0.0500","11"
"2905","三商","177067","3401026","19.60","19.60","19.00","19.00","-0.2500","222"
"2906","高林","2782701","49646597","17.90","18.35","17.40","17.40","-0.2500","1624"
"2908","特力","341369","7440371","22.00","22.00","21.45","21.80","-0.1500","167"
"2910","統領","8000","248600","30.90","31.45","30.90","31.25","0.0500","7"
"2911","麗嬰房","54785","385376","7.06","7.07","7.01","7.03","0.0200","160"
"2912","統一超","875266","233324288","268.00","268.00","264.50","264.50","-1.5000","972"
"2913","農林","873902","16986258","19.45","19.65","19.15","19.20","-0.2500","526"
"2915","潤泰全","2320526","194885179","85.30","85.70","82.30","82.40","-1.9000","3528"
"2923","鼎固-KY","40040","990900","25.25","25.25","24.45","24.50","-0.5000","30"
"2929","淘帝-KY","2160611","30845992","14.35","14.85","13.70","13.80","-0.0500","1089"
"2936","客思達-KY","16403","661710","40.35","40.40","40.30","40.30","-0.0500","13"
"2939","凱羿-KY","9000","263450","29.50","29.50","29.20","29.25","0.0000","7"
"2945","三商家購","29708","1574193","54.50","54.70","51.50","52.00","-2.2000","46"
"3002","歐格","315249","4103016","13.00","13.15","12.70","12.80","-0.1000","172"
"3003","健和興","1615025","123548973","75.80","77.60","75.50","75.80","1.2000","1199"
"3004","豐達科","330762","19952815","59.00","61.70","58.90","59.00","0.4000","270"
"3005","神基","997911","42781404","42.80","43.20","42.50","42.50","-0.2000","862"
"3006","晶豪科","10962120","1184755891","111.00","112.00","104.50","104.50","-3.5000","6720"
"3008","大立光","506920","865593010","1735.00","1745.00","1680.00","1680.00","-25.0000","2047"
"3010","華立","510158","51572826","103.00","103.00","100.00","101.00","-1.0000","363"
"3011","今皓","1104298","21480877","20.00","20.05","19.05","19.10","-0.2500","551"
"3013","晟銘電","695904","9841229","14.35","14.50","13.90","14.00","-0.2500","357"
"3014","聯陽","981627","91688506","95.20","95.50","92.50","92.50","-1.8000","1367"
"3015","全漢","81418","3434014","42.55","42.55","41.65","41.65","-0.5500","59"
"3016","嘉晶","3185323","320718620","103.00","104.50","97.20","97.20","-3.3000","2231"
"3017","奇鋐","8661222","927796046","108.00","109.50","103.50","103.50","-2.5000","5789"
"3018","同開","250589","3138627","12.45","12.60","12.45","12.50","0.0000","687"
"3019","亞光","776809","52202076","68.50","68.60","65.80","66.00","-1.2000","759"
"3021","鴻名","85000","1835100","22.00","22.00","21.30","21.30","-0.4000","55"
"3022","威強電","67054","3035388","45.30","45.80","45.05","45.05","-0.2000","81"
"3023","信邦","331912","86618431","259.50","264.00","257.00","259.50","0.5000","388"
"3024","憶聲","197135","2430666","12.55","12.55","12.20","12.20","-0.2500","124"
"3025","星通","364256","6967816","19.30","19.65","18.75","18.80","-0.2500","194"
"3026","禾伸堂","360590","39681448","111.00","112.00","109.00","109.00","-2.0000","327"
"3027","盛達","248276","4498919","18.40","18.40","18.00","18.00","-0.1500","112"
"3028","增你強","464416","17220155","37.50","37.50","36.80","36.90","-0.3000","473"
"3029","零壹","205558","8412968","41.50","41.50","40.60","40.60","-0.5500","261"
"3030","德律","1149309","71516057","63.50","63.50","61.50","61.50","-1.4000","786"
"3031","佰鴻","191820","3761508","19.85","20.05","19.25","19.25","-0.3500","135"
"3032","偉訓","35154","1026798","29.20","29.40","29.00","29.00","0.0000","42"
"3033","威健","1425534","43275199","30.55","30.65","30.05","30.10","-0.3000","1006"
"3034","聯詠","3402643","1267866362","378.00","381.00","366.00","366.50","-6.0000","5010"
"3035","智原","27706094","6287704653","235.00","236.00","214.50","214.50","-14.0000","32283"
"3036","文曄","12721389","1017536803","79.40","80.90","78.50","79.90","1.3000","5243"
"3036A","文曄甲特","129798","6447606","49.70","49.70","49.65","49.70","0.0000","42"
"3037","欣興","125679079","21953795793","182.50","184.50","165.50","165.50","-17.5000","76416"
"3038","全台","1589433","32222241","20.60","20.60","20.15","20.30","0.0000","629"
"3040","遠見","11621","375999","32.30","32.40","32.30","32.40","0.1000","19"
"3041","揚智","1194155","31925371","27.20","27.50","26.00","26.00","-0.8500","740"
"3042","晶技","3106481","313546042","102.00","102.00","99.10","99.10","-1.4000","2322"
"3043","科風","2610627","13510651","5.30","5.30","4.70","4.70","-0.1400","553"
"3044","健鼎","1099232","131558371","120.00","120.50","117.50","118.00","-2.0000","914"
"3045","台灣大","2243935","240006292","107.50","107.50","106.50","107.00","0.0000","1140"
"3046","建碁","62172","1811044","29.25","30.00","28.60","28.60","-0.6000","57"
"3047","訊舟","4692845","57496270","12.15","12.45","12.00","12.05","0.0500","1642"
"3048","益登","1294174","45777061","36.10","36.15","34.80","35.00","-0.8500","769"
"3049","和鑫","2687808","29597161","11.25","11.30","10.85","10.90","-0.2000","1040"
"3050","鈺德","2451038","42024277","16.90","17.35","16.85","16.95","0.1000","531"
"3051","力特","673093","12541531","19.20","19.40","18.20","18.20","-0.6500","550"
"3052","夆典","58707","594807","10.20","10.20","10.10","10.20","0.0500","46"
"3054","立萬利","42025","832191","19.80","20.15","19.60","19.65","0.0000","43"
"3055","蔚華科","54829","1482117","27.20","27.40","26.85","26.95","0.0000","134"
"3056","總太","551465","18533750","34.10","34.20","33.20","33.20","-0.9000","389"
"3057","喬鼎","69818","925727","13.40","13.40","13.15","13.15","0.0500","133"
"3058","立德","115687","1298447","11.45","11.60","11.00","11.00","-0.4000","126"
"3059","華晶科","2158628","80257089","37.00","37.55","36.75","36.75","0.1000","1288"
"3060","銘異","231481","4780362","21.00","21.10","20.30","20.35","-0.3500","283"
"3062","建漢","11536686","288066772","25.90","26.10","24.00","24.05","-1.4500","6068"
"3090","日電貿","453892","24413221","54.70","54.70","53.30","53.30","-0.8000","281"
"3092","鴻碩","851184","42997910","51.50","52.20","49.30","49.30","-2.2000","564"
"3094","聯傑","542712","15298884","28.85","29.10","27.50","27.50","-1.1000","417"
"3130","一零四","10607","2078103","196.00","196.00","195.50","195.50","0.0000","46"
"3138","耀登","1142198","182355633","157.00","164.50","155.50","155.50","2.0000","1054"
"3149","正達","681921","14650500","21.70","21.90","21.20","21.20","-0.1000","360"
"3164","景岳","147281","3814147","26.10","26.35","25.45","25.45","-0.4500","103"
"3167","大量","125034","7777027","64.00","64.00","61.10","61.50","-1.3000","89"
"3189","景碩","24833271","3666287437","151.00","151.50","143.00","143.00","-5.0000","16147"
"3209","全科","2152262","85074640","40.25","40.45","39.00","39.05","-0.9500","1402"
"3229","晟鈦","35","705","","","","","0.0000","1"
"3231","緯創","10850847","313102615","29.00","29.00","28.70","28.85","-0.0500","4992"
"3257","虹冠電","206771","12337924","60.50","60.80","59.00","59.00","-1.8000","212"
"3266","昇陽","233090","3068498","13.40","13.40","12.95","13.00","-0.3000","78"
"3296","勝德","348250","5805381","17.00","17.15","16.25","16.60","-0.2500","198"
"3305","昇貿","2294328","151452232","68.30","68.80","64.20","64.20","-2.9000","1686"
"3308","聯德","87359","1317769","15.25","15.40","14.90","14.90","-0.3500","56"
"3311","閎暉","142164","4716091","33.60","33.70","32.80","32.80","-0.7000","143"
"3312","弘憶股","548679","13060321","24.10","24.15","23.55","23.55","-0.3000","349"
"3321","同泰","275218","3044335","11.30","11.30","10.95","11.05","-0.2000","144"
"3338","泰碩","294130","12942425","44.30","45.00","42.20","42.20","-1.9500","255"
"3346","麗清","233523","7460600","32.70","32.85","31.05","31.05","-1.2000","209"
"3356","奇偶","903596","28109783","31.80","31.95","30.30","30.30","-1.0000","709"
"3376","新日興","252300","21863244","87.50","87.50","85.80","85.80","-1.1000","261"
"3380","明泰","706725","19059216","27.25","27.40","26.45","26.50","-0.6000","470"
"3383","新世紀","117257","822244","7.28","7.28","7.00","7.00","-0.0900","52"
"3406","玉晶光","1728737","710937564","415.00","421.00","401.50","401.50","-5.0000","1779"
"3413","京鼎","423858","87644867","211.50","212.00","203.00","203.50","-4.5000","480"
"3416","融程電","89194","6940068","78.20","78.20","77.50","78.00","0.0000","43"
"3419","譁裕","991848","17574732","18.35","18.55","16.75","17.20","-1.1000","623"
"3432","台端","70073","959549","13.85","13.85","13.60","13.60","-0.1000","48"
"3437","榮創","251070","5222708","21.50","21.60","20.40","20.40","-0.7000","190"
"3443","創意","2127915","1189062232","573.00","575.00","541.00","541.00","-19.0000","3003"
"3450","聯鈞","178792","8104908","46.40","46.40","44.50","44.55","-1.0000","184"
"3454","晶睿","82540","6524831","80.10","80.10","78.20","78.20","-1.2000","181"
"3481","群創","66521856","904999707","13.80","13.90","13.30","13.40","-0.3000","10413"
"3494","誠研","1788683","13681507","7.90","7.90","7.45","7.45","-0.3500","788"
"3501","維熹","59283","2596133","44.40","44.40","43.30","43.75","-0.2500","81"
"3504","揚明光","4550133","316982073","71.30","72.70","66.60","67.80","-2.9000","3320"
"3515","華擎","667444","91911280","141.00","142.00","135.00","135.00","-3.5000","613"
"3518","柏騰","249121","5222056","20.65","21.30","20.65","20.70","0.0500","147"
"3528","安馳","22109","1151999","52.40","52.40","51.80","51.80","-0.5000","24"
"3530","晶相光","166982","17300635","107.50","107.50","101.00","101.00","-4.5000","186"
"3532","台勝科","6529642","1492960921","237.00","237.50","220.00","220.00","-9.0000","5471"
"3533","嘉澤","1615570","1302698355","816.00","843.00","773.00","773.00","-31.0000","2880"
"3535","晶彩科","4416054","119439629","27.90","27.90","26.05","26.05","-1.2000","2145"
"3536","誠創","13100","69663","5.48","5.48","5.25","5.25","-0.1700","11"
"3543","州巧","16160","343021","20.95","21.55","20.80","20.80","-0.1000","19"
"3545","敦泰","3329345","366981714","114.00","115.00","107.00","107.00","-5.5000","2722"
"3550","聯穎","79072","1195593","15.40","15.40","14.95","14.95","-0.2500","67"
"3557","嘉威","53434","3590811","68.60","68.60","66.50","66.50","-1.3000","62"
"3563","牧德","94536","16147215","172.50","173.50","168.50","168.50","-4.5000","143"
"3576","聯合再生","4396347","90439835","20.90","21.00","20.05","20.15","-0.5500","2154"
"3583","辛耘","4143118","374241825","91.40","93.70","86.50","86.50","-4.0000","3312"
"3588","通嘉","1791110","198827313","111.00","112.50","106.50","106.50","-2.0000","1029"
"3591","艾笛森","268899","4262123","16.35","16.40","15.35","15.35","-0.8500","184"
"3592","瑞鼎","393238","180151598","473.50","474.00","449.00","449.00","-15.0000","775"
"3593","力銘","38881","563354","14.70","14.75","14.25","14.25","-0.3500","58"
"3596","智易","9078631","1151278563","125.50","130.00","122.00","122.50","-1.5000","6872"
"3605","宏致","586904","24454151","41.50","42.60","40.50","40.50","-0.5500","471"
"3607","谷崧","568217","7940281","14.30","14.30","13.65","13.65","-0.4500","345"
"3617","碩天","49097","3433644","71.00","71.00","69.10","69.10","-1.9000","56"
"3622","洋華","2331118","79512939","34.20","35.00","33.20","33.70","-0.0500","1791"
"3645","達邁","7275761","432025212","58.30","60.60","57.90","58.00","0.6000","4184"
"3653","健策","1551429","591307458","397.50","400.00","368.50","370.00","-22.0000","2038"
"3661","世芯-KY","4811216","3808976390","818.00","823.00","764.00","764.00","-25.0000","5293"
"3665","貿聯-KY","1217772","375514477","310.00","314.00","301.00","301.00","-5.0000","1109"
"3669","圓展","257735","13203483","52.40","52.40","50.40","50.40","-1.4000","194"
"3673","TPK-KY","851433","29758851","35.35","35.60","34.15","34.25","-0.6500","574"
"3679","新至陞","242989","18626523","79.30","79.30","75.00","75.00","-3.6000","290"
"3682","亞太電","3325527","24031779","7.31","7.34","7.15","7.15","-0.1600","1422"
"3686","達能","278681","3848762","13.95","14.20","13.50","13.50","-0.3000","193"
"3694","海華","107357","2091297","19.70","19.75","19.05","19.05","-0.5000","74"
"3701","大眾控","3356853","173953495","51.10","53.80","49.85","49.90","0.1500","2273"
"3702","大聯大","6669482","380079501","56.90","57.30","56.50","56.80","0.3000","2573"
"3702A","大聯大甲特","39000","1947900","50.00","50.00","49.90","49.90","-0.1000","7"
"3703","欣陸","3134073","92420424","29.50","29.95","28.85","28.85","-0.0500","1536"
"3704","合勤控","2324098","65833671","28.45","28.75","27.40","27.40","-0.5000","1318"
"3705","永信","198540","8402631","42.45","42.45","42.15","42.15","0.1000","182"
"3706","神達","1734501","48646273","28.20","28.30","27.65","27.65","-0.4500","751"
"3708","上緯投控","14738027","1864169538","134.50","135.50","119.50","121.50","-8.5000","10062"
"3711","日月光投控","10684697","1091488209","102.50","103.50","100.50","101.00","1.0000","4415"
"3712","永崴投控","365862","11245375","31.40","31.40","30.25","30.30","-0.6000","279"
"3714","富采","5678292","311704699","55.60","56.00","53.90","53.90","0.0000","4089"
"4104","佳醫","193943","13047587","67.20","67.80","66.80","67.00","-0.3000","201"
"4106","雃博","604374","15784988","25.90","26.50","25.75","25.75","-0.2500","444"
"4108","懷特","140918","2742125","19.50","19.55","19.25","19.30","-0.1500","287"
"4119","旭富","97507","8069450","83.70","83.70","82.20","82.20","-0.7000","252"
"4133","亞諾法","1825279","73779065","41.10","41.45","39.20","39.20","0.0000","1216"
"4137","麗豐-KY","43143","8125723","190.00","190.00","187.00","187.00","-2.0000","63"
"4142","國光生","3193299","119297890","37.00","38.05","36.65","37.20","0.2000","2247"
"4148","全宇生技-KY","293687","16124275","56.90","56.90","54.00","54.10","-1.4000","258"
"4155","訊映","247113","5883674","23.90","24.00","23.60","23.65","-0.0500","198"
"4164","承業醫","450678","18731672","42.00","42.00","41.05","41.05","-0.5000","481"
"4190","佐登-KY","30001","1914164","64.10","64.30","63.50","63.60","0.1000","25"
"4306","炎洲","628536","9772391","15.75","15.75","15.35","15.40","-0.2500","288"
"4414","如興","3617409","19067617","5.42","5.42","5.12","5.12","-0.2600","1041"
"4426","利勤","567233","13930051","24.00","24.80","24.00","24.25","0.2500","413"
"4438","廣越","17520","1978609","113.50","113.50","111.50","113.00","0.5000","25"
"4439","冠星-KY","6127","857808","140.00","140.00","140.00","140.00","-1.0000","9"
"4440","宜新實業","39152","1592967","40.80","40.90","40.40","40.40","-0.3000","55"
"4526","東台","147961","2218130","15.15","15.20","14.90","14.90","-0.1500","197"
"4532","瑞智","160270","2799944","17.60","17.60","17.25","17.40","-0.0500","110"
"4536","拓凱","69079","8919199","132.00","132.00","127.00","127.00","-4.5000","73"
"4540","全球傳動","172231","7882315","46.00","46.35","45.60","45.65","0.0500","94"
"4545","銘鈺","62221","1823169","29.75","29.75","29.10","29.15","-0.3500","50"
"4551","智伸科","1180801","184001712","157.00","159.50","150.50","150.50","-3.5000","999"
"4552","力達-KY","32107","941866","29.80","29.80","29.05","29.05","-0.5500","33"
"4555","氣立","11019","641203","58.40","58.50","58.00","58.00","-0.3000","15"
"4557","永新-KY","45031","3595381","80.40","80.40","78.90","79.90","-0.2000","36"
"4560","強信-KY","49108","2006760","41.10","41.10","40.60","40.70","-0.1000","39"
"4562","穎漢","102674","1562772","15.30","15.35","15.15","15.20","-0.1000","73"
"4564","元翎","209367","6386162","30.75","31.25","29.90","29.90","-0.8500","173"
"4566","時碩工業","74170","3450027","48.20","48.30","44.60","45.85","-1.9000","74"
"4571","鈞興-KY","19000","1531500","80.80","81.00","80.00","80.50","0.5000","16"
"4572","駐龍","1301240","163279653","119.50","127.50","119.50","123.00","7.0000","1131"
"4576","大銀微系統","51930","5184833","102.00","102.00","98.20","98.20","-3.8000","172"
"4581","光隆精密-KY","13","410","","","","","0.0000","1"
"4583","台灣精銳","289747","69887109","242.00","248.00","234.00","236.00","-5.0000","1044"
"4720","德淵","205783","2999566","14.70","14.85","14.35","14.35","-0.1500","84"
"4722","國精化","110402","4496829","41.20","41.20","40.45","40.45","-0.3500","81"
"4737","華廣","45272","3357331","74.70","74.70","73.80","74.00","0.0000","122"
"4739","康普","4080833","580341008","146.00","147.00","138.00","138.00","-5.0000","3148"
"4746","台耀","1532480","78725300","50.50","52.20","50.20","50.60","0.6000","1156"
"4755","三福化","5849654","1082615315","192.50","193.50","178.00","178.00","-10.0000","4736"
"4763","材料-KY","447914","50621353","116.00","116.50","110.50","111.50","-4.0000","525"
"4764","雙鍵","13018","748842","58.40","58.40","57.00","57.90","0.0000","12"
"4766","南寶","29568","3960915","135.00","135.00","133.00","133.00","-1.0000","40"
"4770","上品","441738","128440342","298.50","299.00","282.00","284.00","-11.0000","392"
"4807","日成-KY","10020","247503","24.90","24.90","24.50","24.50","-0.5000","17"
"4904","遠傳","3263200","267294415","82.40","82.60","81.50","81.60","0.0000","1855"
"4906","正文","10301806","321744908","31.45","31.80","30.55","30.55","-0.5500","4956"
"4912","聯德控股-KY","202133","24072454","122.50","123.00","115.50","116.00","-3.5000","155"
"4915","致伸","7433295","471696632","64.60","64.80","62.30","62.40","-1.5000","4829"
"4916","事欣科","219131","5189219","23.90","24.00","23.30","23.35","-0.2500","177"
"4919","新唐","20614590","3562554088","174.00","177.00","166.00","166.00","-4.5000","17626"
"4927","泰鼎-KY","1891032","143591534","77.20","77.20","74.50","74.50","-1.2000","1444"
"4930","燦星網","177667","4730583","27.25","27.30","26.05","26.05","-0.9000","185"
"4934","太極","2372983","72464037","30.90","31.50","29.60","29.65","-0.3000","1507"
"4935","茂林-KY","113144","6988731","62.70","62.70","61.30","61.30","-0.8000","79"
"4938","和碩","6019056","417160846","69.30","69.80","68.80","68.80","0.0000","3822"
"4942","嘉彰","152571","6432398","42.65","42.75","41.55","41.70","-0.6000","116"
"4943","康控-KY","377476","7387770","19.80","20.00","19.05","19.10","-0.6000","274"
"4952","凌通","1520447","115167219","77.50","77.90","74.00","74.00","-2.5000","1182"
"4956","光鋐","178529","3367542","19.15","19.30","18.45","18.45","-0.5000","149"
"4958","臻鼎-KY","7323350","820650526","115.50","115.50","110.50","111.00","-3.0000","4804"
"4960","誠美材","3223480","35706013","11.30","11.30","10.90","11.00","-0.2000","857"
"4961","天鈺","2694288","457154514","175.50","176.50","164.50","165.00","-8.0000","2354"
"4967","十銓","886648","26807352","30.90","31.30","29.85","29.85","-1.0500","523"
"4968","立積","1718820","350687309","206.00","209.50","198.00","198.50","-2.0000","1636"
"4976","佳凌","816995","38976825","49.20","49.45","46.10","46.10","-2.1500","634"
"4977","眾達-KY","75075","5997296","81.00","81.10","78.20","78.20","-1.6000","58"
"4989","榮科","170922","5420350","32.10","32.20","31.00","31.00","-0.8500","186"
"4994","傳奇","135097","6278558","47.55","47.80","45.50","45.60","-1.5000","122"
"4999","鑫禾","31662","1178858","37.50","37.70","36.95","36.95","-0.2000","48"
"5007","三星","16058","929050","58.70","58.70","57.60","57.70","-0.6000","22"
"5203","訊連","60418","5179532","86.20","86.60","85.00","85.10","-1.1000","53"
"5215","科嘉-KY","92120","5096752","56.60","56.60","54.60","54.60","-1.5000","92"
"5222","全訊","286894","39844210","139.50","141.00","136.50","137.00","0.0000","277"
"5225","東科-KY","87500","1931375","22.25","22.25","21.95","21.95","-0.3000","43"
"5234","達興材料","154544","14189402","94.90","94.90","91.00","91.10","-1.9000","167"
"5243","乙盛-KY","1864402","122613607","66.20","67.00","64.30","64.30","-1.0000","1407"
"5244","弘凱","37323","1312949","35.50","35.50","35.00","35.00","-0.1500","39"
"5258","虹堡","4504885","284535305","62.90","65.20","61.10","61.30","0.3000","2840"
"5269","祥碩","440932","586677850","1360.00","1370.00","1285.00","1285.00","-35.0000","665"
"5283","禾聯碩","86918","9526671","111.00","111.00","108.50","108.50","-2.0000","190"
"5284","jpp-KY","36000","1590400","44.15","44.50","43.60","44.00","0.1000","30"
"5285","界霖","1527499","142923032","93.00","95.20","91.70","91.80","0.7000","1467"
"5288","豐祥-KY","164859","28301692","173.00","174.50","167.50","170.00","-1.5000","396"
"5306","桂盟","185447","32074684","175.00","176.50","169.00","169.00","-4.5000","637"
"5388","中磊","8865160","721918857","80.30","83.20","79.60","79.60","0.0000","6287"
"5434","崇越","383708","61034739","160.50","162.00","157.50","158.00","-2.0000","543"
"5469","瀚宇博","1042141","36480749","35.55","35.70","34.30","34.30","-0.8500","652"
"5471","松翰","359736","25835420","72.50","72.70","71.10","71.30","-0.5000","383"
"5484","慧友","26156","352091","13.50","13.65","13.30","13.60","0.0500","23"
"5515","建國","234321","3310940","14.30","14.30","14.00","14.10","-0.1000","75"
"5519","隆大","292532","6524262","22.40","22.45","22.20","22.20","-0.1000","236"
"5521","工信","634310","4713076","7.47","7.57","7.30","7.32","-0.1400","363"
"5522","遠雄","2429019","150139752","62.00","62.50","61.00","61.70","0.0000","1123"
"5525","順天","85088","2007016","23.60","23.85","23.30","23.40","-0.1500","69"
"5531","鄉林","256525","2498594","9.80","9.88","9.58","9.65","-0.0700","177"
"5533","皇鼎","777185","14293695","18.55","18.70","18.15","18.25","-0.2000","305"
"5534","長虹","270943","20169418","75.50","75.60","73.60","73.70","-1.4000","663"
"5538","東明-KY","50123","2418514","49.10","49.10","47.95","48.20","-0.4500","51"
"5546","永固-KY","5001","276555","55.80","55.80","54.80","55.30","0.0000","6"
"5607","遠雄港","739999","36423628","50.70","50.80","48.05","48.50","-1.4500","567"
"5608","四維航","6378415","246431738","40.10","40.15","37.50","37.50","-2.0000","3885"
"5706","鳳凰","3136776","218245584","69.40","70.60","67.90","67.90","-1.5000","2299"
"5871","中租-KY","6111218","1406689357","230.00","235.50","225.00","227.00","0.5000","7036"
"5871A","中租-KY甲特","364564","37185348","102.00","102.00","102.00","102.00","0.0000","47"
"5876","上海商銀","5334355","281195319","52.80","53.10","52.30","52.50","0.2000","2633"
"5880","合庫金","12173364","332450996","27.50","27.75","27.05","27.10","-0.1000","4386"
"5906","台南-KY","6000","196050","33.10","33.10","31.85","32.75","0.9500","6"
"5907","大洋-KY","66488","1071735","16.20","16.45","15.90","16.00","0.0000","52"
"6005","群益證","2268346","32652089","14.50","14.65","14.25","14.25","-0.1500","1072"
"6024","群益期","136507","5040327","36.90","37.20","36.75","36.80","0.2000","138"
"6108","競國","120223","2270968","18.95","19.05","18.80","18.80","-0.1000","81"
"6112","聚碩","79156","2839830","36.40","36.45","35.40","35.60","-0.4000","87"
"6115","鎰勝","55029","2362504","43.00","43.00","42.85","42.85","0.0000","42"
"6116","彩晶","23866471","287763335","12.20","12.30","11.75","11.75","0.0000","6711"
"6117","迎廣","19512","301592","15.60","15.60","15.40","15.45","-0.0500","59"
"6120","達運","1789182","18374954","10.35","10.45","10.05","10.10","-0.2000","832"
"6128","上福","249124","7770707","31.40","31.65","30.90","30.95","-0.4500","181"
"6133","金橋","38332914","488179861","12.35","13.30","12.35","12.60","0.5000","11926"
"6136","富爾特","95659","1793477","18.95","18.95","18.65","18.70","-0.1500","52"
"6139","亞翔","2924347","97266246","32.80","33.85","32.35","33.00","0.6500","1502"
"6141","柏承","90923","2144348","23.85","23.85","23.50","23.60","-0.1000","53"
"6142","友勁","245899","2349741","9.50","9.80","9.37","9.37","-0.0700","151"
"6152","百一","687265","6877178","10.10","10.10","9.90","9.90","0.0000","281"
"6153","嘉聯益","2431543","56949687","24.20","24.20","22.95","22.95","-1.0000","1571"
"6155","鈞寶","255398","6214184","24.80","24.85","23.80","23.80","-0.8000","196"
"6164","華興","703636","9125328","13.25","13.35","12.65","12.65","-0.4500","405"
"6165","浪凡","174005","4663635","26.90","27.15","26.40","26.50","-0.2500","111"
"6166","凌華","35289","1938987","56.00","56.00","54.50","54.50","-1.1000","37"
"6168","宏齊","377916","8415208","22.70","22.75","21.80","21.80","-0.6500","295"
"6176","瑞儀","1455359","152865211","105.50","106.00","104.50","104.50","-1.0000","857"
"6177","達麗","396695","12047126","30.50","30.50","30.20","30.20","-0.1500","202"
"6183","關貿","54495","3283397","61.00","61.20","59.80","59.80","-0.4000","73"
"6184","大豐電","108919","5408203","49.20","50.00","49.20","49.40","0.2000","124"
"6189","豐藝","338495","14589839","43.20","43.65","42.85","42.90","-0.1500","251"
"6191","精成科","10130934","338136286","33.35","34.20","32.35","32.35","-0.3000","5486"
"6192","巨路","65637","4664742","71.60","71.60","70.00","70.20","-1.1000","72"
"6196","帆宣","668662","84142083","131.00","131.00","123.00","123.00","-5.0000","655"
"6197","佳必琪","249139","9773954","39.70","39.80","38.50","38.55","-0.9500","169"
"6201","亞弘電","15210","654537","43.40","43.40","42.70","42.80","-0.4500","22"
"6202","盛群","962761","91597292","96.40","96.90","93.70","93.70","-1.8000","800"
"6205","詮欣","2175212","169044488","78.80","80.40","74.10","75.00","-2.1000","1411"
"6206","飛捷","1386381","112667132","84.20","84.30","79.50","80.50","-2.3000","1160"
"6209","今國光","1483617","46935330","32.80","32.80","30.50","30.60","-1.6500","1005"
"6213","聯茂","2346517","219117636","96.50","97.20","90.50","90.50","-5.0000","2243"
"6214","精誠","221413","17215178","78.30","78.30","77.50","77.50","-0.1000","224"
"6215","和椿","1729435","45433277","27.55","27.55","25.50","25.50","-1.5000","1093"
"6216","居易","5667632","181055909","32.10","33.10","30.80","30.80","-0.5000","2966"
"6224","聚鼎","201583","15393910","77.80","78.30","74.70","75.00","-1.8000","223"
"6225","天瀚","84652","1000741","11.85","11.85","10.85","10.85","-0.4500","15"
"6226","光鼎","31692888","424783767","12.95","13.75","12.90","13.00","0.1500","7398"
"6230","尼得科超眾","26082","2897874","114.00","114.00","109.00","109.00","-4.5000","34"
"6235","華孚","93817520","4232616723","44.45","47.65","41.90","41.95","-1.4000","42946"
"6239","力成","2013460","198998862","99.30","99.70","97.50","97.50","-1.3000","1972"
"6243","迅杰","291076","11897096","42.30","42.30","39.80","39.80","-1.5500","256"
"6251","定穎","4491740","107530755","24.60","24.60","23.50","23.55","-0.6000","1937"
"6257","矽格","3032817","186503267","62.20","62.40","60.70","60.80","-1.0000","1787"
"6269","台郡","933693","86646656","93.90","94.30","91.30","91.70","-1.3000","1653"
"6271","同欣電","1865895","443947939","243.00","246.50","230.00","230.00","-7.5000","1828"
"6277","宏正","79000","6127000","78.40","78.40","77.30","77.30","-0.8000","51"
"6278","台表科","2416248","263294940","112.50","113.00","106.50","107.00","-3.5000","1530"
"6281","全國電","26148","2263461","86.90","86.90","86.10","86.50","0.0000","95"
"6282","康舒","3246229","94498402","29.60","29.70","28.50","28.60","-0.7500","1921"
"6283","淳安","152492","5218219","34.50","35.40","33.40","33.45","-0.8500","183"
"6285","啟碁","4669107","323940588","69.60","70.50","67.80","67.80","-0.7000","3702"
"6288","聯嘉","490206","12313340","25.60","25.60","24.50","24.50","-1.0000","332"
"6289","華上","38017","105578","2.74","2.82","2.70","2.70","-0.0400","22"
"6405","悅城","183170","4216783","23.55","23.55","22.55","22.55","-0.8000","96"
"6409","旭隼","200482","298551550","1470.00","1515.00","1460.00","1480.00","25.0000","293"
"6412","群電","360352","25631973","71.60","71.70","70.20","70.90","-0.7000","389"
"6414","樺漢","499041","103276943","210.50","212.50","203.50","204.00","-4.5000","892"
"6415","矽力-KY","666319","1653264780","2570.00","2585.00","2395.00","2400.00","-90.0000","1380"
"6416","瑞祺電通","53543","4330517","82.70","82.90","80.00","80.10","-1.2000","54"
"6426","統新","216646","14821971","67.50","69.90","65.10","65.10","-1.6000","197"
"6431","光麗-KY","6001","157675","26.70","26.70","25.80","25.80","-0.6500","7"
"6438","迅得","855557","84633414","101.50","102.50","96.90","97.00","-3.5000","731"
"6442","光聖","34159","1396969","41.00","41.30","40.65","40.70","-0.3000","34"
"6443","元晶","18879581","608234933","33.50","33.65","31.05","31.05","-1.8500","9442"
"6449","鈺邦","28063","1443832","52.90","52.90","50.20","50.20","-2.8000","37"
"6451","訊芯-KY","164330","13189340","82.80","82.80","78.50","78.70","-3.3000","189"
"6456","GIS-KY","2098688","173452836","85.10","85.50","80.50","80.50","-4.4000","2076"
"6464","台數科","3075","272067","89.20","89.20","88.00","88.00","-0.6000","6"
"6477","安集","1909217","89425033","48.00","48.00","45.65","45.65","-1.4000","1377"
"6491","晶碩","360431","149432718","406.50","422.00","406.00","411.00","9.0000","424"
"6504","南六","49413","4316649","86.50","88.00","86.50","86.70","0.5000","58"
"6505","台塑化","3204410","310281729","97.80","97.80","95.80","95.80","-1.1000","1922"
"6515","穎崴","1066743","465385980","448.00","455.00","420.00","423.00","-19.0000","1287"
"6525","捷敏-KY","334936","29094411","89.50","89.50","85.10","85.10","-3.0000","587"
"6531","愛普*","2664871","715022184","276.50","279.50","257.00","257.00","-12.5000","2268"
"6533","晶心科","751291","230208252","313.50","318.00","296.00","296.00","-11.0000","830"
"6541","泰福-KY","8384533","550868347","62.70","68.40","61.60","64.80","2.6000","5775"
"6550","北極星藥業-KY","4858662","519089155","101.50","108.50","101.00","108.50","9.5000","3656"
"6552","易華電","57052","2572429","45.90","45.90","44.50","44.50","-1.0000","60"
"6558","興能高","133526","3075347","23.60","23.60","22.35","22.50","-1.0000","108"
"6573","虹揚-KY","86166","1433353","16.80","17.05","16.15","16.15","-0.4500","71"
"6579","研揚","29072","2301347","79.00","79.00","78.20","78.30","0.3000","32"
"6581","鋼聯","135253","12324607","91.30","92.70","90.00","90.40","-0.8000","144"
"6582","申豐","136935","13033544","97.60","98.10","94.00","94.20","-2.5000","184"
"6585","鼎基","925343","74039712","82.90","83.70","78.00","79.70","-2.8000","568"
"6591","動力-KY","157051","9581529","61.60","62.30","60.00","60.00","-1.2000","123"
"6592","和潤企業","419854","42738108","102.00","103.50","100.50","100.50","-0.5000","385"
"6598","ABC-KY","509415","17714785","34.80","35.45","34.05","34.05","-0.6000","390"
"6605","帝寶","7229198","533811026","72.00","75.70","72.00","72.60","1.4000","5177"
"6625","必應","34035","974765","29.50","29.55","28.00","28.00","-1.0000","34"
"6641","基士德-KY","4050","251425","62.20","62.20","62.00","62.00","-0.5000","6"
"6655","科定","23189","2920625","126.00","127.00","125.50","125.50","0.5000","24"
"6666","羅麗芬-KY","37078","2145054","59.00","59.70","55.20","55.20","-2.1000","45"
"6668","中揚光","175988","7630219","45.00","45.00","41.60","41.75","-1.7500","159"
"6669","緯穎","888064","725469904","840.00","842.00","804.00","806.00","-19.0000","1339"
"6670","復盛應用","62383","12642625","204.00","205.00","200.00","200.00","-3.0000","72"
"6671","三能-KY","12000","562050","46.95","46.95","46.80","46.85","-0.6000","8"
"6672","騰輝電子-KY","414675","36642044","90.40","91.00","86.50","86.50","-3.1000","388"
"6674","鋐寶科技","28000","789800","28.30","28.30","27.95","28.10","-0.1000","25"
"6691","洋基工程","69134","12805550","184.50","186.50","183.50","183.50","0.5000","92"
"6698","旭暉應材","185325","6690091","36.85","37.05","35.00","35.25","-1.1000","173"
"6706","惠特","1056482","152773518","146.50","146.50","142.50","142.50","-1.0000","751"
"6715","嘉基","1241023","164061954","137.50","137.50","127.00","127.50","-7.0000","1018"
"6719","力智","1551959","717544600","471.50","479.50","443.00","444.00","-16.5000","2050"
"6743","安普新","218621","9491755","44.80","45.15","42.30","42.80","-1.0000","180"
"6754","匯僑設計","92112","4240792","46.00","46.45","45.80","45.80","-0.2000","66"
"6756","威鋒電子","684511","196212539","296.00","297.00","276.50","276.50","-11.5000","841"
"6768","志強-KY","644305","50268319","79.90","80.00","76.00","76.00","-2.8000","497"
"6770","力積電","25439388","1294628781","52.00","52.20","50.00","50.10","-1.3000","12305"
"6776","展碁國際","79470","3399649","43.20","43.20","42.60","42.60","-0.3000","91"
"6781","AES-KY","959012","967996575","1045.00","1060.00","966.00","966.00","-44.0000","1434"
"6790","永豐實","388258","16747015","43.25","43.90","42.45","42.65","-0.5500","324"
"6792","詠業","136767","13367281","99.30","100.00","95.20","95.50","-2.7000","176"
"6796","晉弘","136511","6624597","48.55","49.10","48.00","48.10","0.2000","135"
"6799","來頡","932159","164619167","187.00","187.00","169.00","169.50","-13.0000","863"
"6806","森崴能源","707571","66073368","95.00","95.20","92.10","92.10","-1.6000","1295"
"6807","峰源-KY","71347","2217452","31.90","31.90","30.80","30.80","-0.8500","70"
"8011","台通","579345","9082731","15.90","16.00","15.40","15.45","-0.1500","478"
"8016","矽創","1002193","241551718","246.00","248.00","236.00","236.00","-6.5000","1157"
"8021","尖點","444786","14710546","33.40","33.50","32.55","32.55","-0.5500","350"
"8028","昇陽半導體","36326227","2480088392","68.50","71.80","64.20","64.30","-2.7000","21590"
"8033","雷虎","4151375","79680014","19.20","19.35","18.85","19.10","0.2500","1417"
"8039","台虹","150995","7027776","47.00","47.10","45.90","45.90","-0.8000","205"
"8046","南電","10747940","3503094263","337.00","339.00","316.00","316.00","-13.5000","9723"
"8070","長華*","2078015","77312704","38.00","38.00","36.60","36.85","-0.6500","1081"
"8072","陞泰","57544","1373441","24.10","24.30","23.60","23.70","-0.4000","178"
"8081","致新","687110","137036620","205.00","205.50","195.50","195.50","-6.5000","862"
"8101","華冠","166300","414345","2.40","2.52","2.40","2.47","0.0700","47"
"8103","瀚荃","243662","9601080","39.75","40.10","38.60","38.70","-0.7500","182"
"8104","錸寶","1160752","52388440","46.70","46.70","43.45","43.45","-2.3500","979"
"8105","凌巨","1002501","10971750","11.15","11.25","10.75","10.75","-0.3000","412"
"8110","華東","954578","13471813","14.40","14.50","13.80","13.80","-0.5000","476"
"8112","至上","1413889","66272827","47.30","47.30","46.50","46.50","-0.4500","1100"
"8112A","至上甲特","60830","2497652","41.10","41.10","41.05","41.05","-0.0500","28"
"8114","振樺電","5271711","670215403","132.00","133.00","120.50","121.50","-8.5000","3708"
"8131","福懋科","330392","13437883","41.25","41.25","40.20","40.55","-0.4000","196"
"8150","南茂","4542828","225161743","50.20","50.30","48.60","48.70","-1.2000","2891"
"8163","達方","560913","23863262","42.95","43.20","42.10","42.10","-0.6500","426"
"8201","無敵","1977531","26013066","12.80","13.40","12.80","13.40","0.5500","819"
"8210","勤誠","280138","19083694","69.50","69.80","67.00","67.00","-1.8000","229"
"8213","志超","2573882","128179372","50.60","50.70","49.10","49.25","-0.9500","1548"
"8215","明基材","13605036","489261408","35.35","36.75","34.75","34.75","-0.2000","6791"
"8222","寶一","2729009","43444938","15.15","16.40","15.10","15.60","0.6500","1488"
"8249","菱光","50064","1126492","22.60","22.60","22.30","22.50","0.0000","41"
"8261","富鼎","15249788","1999250478","132.00","137.00","124.50","125.00","-4.0000","9945"
"8271","宇瞻","284486","11794207","41.95","42.15","40.85","40.85","-0.8500","253"
"8341","日友","160604","32840077","205.00","205.50","203.00","204.00","0.0000","383"
"8367","建新國際","215588","9171624","43.70","43.70","41.85","41.95","-0.7000","150"
"8374","羅昇","31076","942470","30.25","30.45","30.25","30.40","-0.2000","32"
"8404","百和興業-KY","272846","9451406","34.45","34.80","34.45","34.60","0.1500","156"
"8411","福貞-KY","96118","1560236","16.50","16.50","16.15","16.15","-0.3500","101"
"8422","可寧衛","319951","56429241","177.50","178.00","175.00","175.00","-2.0000","716"
"8429","金麗-KY","231116","2438722","10.70","10.75","10.40","10.40","-0.3000","238"
"8438","昶昕","61298","2272462","37.45","37.90","36.35","37.25","0.1500","62"
"8442","威宏-KY","135027","8034219","61.50","61.70","58.50","58.60","-2.3000","107"
"8443","阿瘦","39747","452624","11.45","11.45","11.25","11.30","-0.1000","84"
"8454","富邦媒","594887","439666150","756.00","760.00","721.00","723.00","-7.0000","1323"
"8462","柏文","119315","15279134","125.50","129.50","125.50","127.00","1.5000","155"
"8463","潤泰材","747087","16723272","22.00","23.00","21.70","22.10","0.8000","481"
"8464","億豐","493603","154836423","322.50","324.00","306.50","306.50","-13.0000","566"
"8466","美吉吉-KY","4000","195500","49.00","49.00","48.50","48.50","0.0000","2"
"8467","波力-KY","355032","16679518","48.65","48.65","44.20","44.60","-3.9000","260"
"8473","山林水","21735","663162","30.70","30.70","30.35","30.45","-0.1500","32"
"8478","東哥遊艇","6037266","1172606617","199.50","204.00","185.50","186.00","-9.0000","4525"
"8480","泰昇-KY","44","3101","","","","","0.0000","4"
"8481","政伸","26474","1837544","69.90","70.00","68.90","68.90","-0.2000","38"
"8482","商億-KY","7024","531109","75.90","75.90","75.20","75.20","-0.1000","9"
"8488","吉源-KY","2000","34100","17.10","17.10","17.00","17.00","0.0500","2"
"8499","鼎炫-KY","103071","12065318","116.50","119.50","114.00","114.50","0.0000","98"
"8926","台汽電","514324","19188596","37.60","37.60","37.15","37.25","-0.0500","340"
"8940","新天地","441726","7190658","16.10","16.65","16.00","16.05","-0.4500","311"
"8996","高力","7976729","553224606","71.80","72.60","66.30","66.30","-3.7000","5386"
"9103","美德醫療-DR","858541","7642404","9.00","9.08","8.78","8.78","-0.1000","379"
"910322","康師傅-DR","110200","2610450","23.95","24.25","23.55","23.55","-0.9500","49"
"9105","泰金寶-DR","1057956","4130206","3.90","3.92","3.90","3.90","-0.0100","337"
"910861","神州-DR","1009","7386","7.32","7.32","7.32","7.32","-0.0700","3"
"9110","越南控-DR","53000","158920","3.02","3.03","2.98","3.01","0.0000","22"
"911608","明輝-DR","97000","288430","3.00","3.02","2.95","2.99","-0.0100","37"
"911622","泰聚亨-DR","36150","213774","5.94","5.94","5.83","5.86","-0.0400","17"
"911868","同方友友-DR","457570","532098","1.15","1.19","1.14","1.15","0.0100","88"
"912000","晨訊科-DR","991600","2575639","2.61","2.68","2.54","2.54","-0.0400","174"
"9136","巨騰-DR","551820","3395067","6.19","6.21","6.10","6.18","-0.0100","157"
"9802","鈺齊-KY","1846717","327823413","181.00","182.00","175.00","176.50","-3.5000","1289"
"9902","台火","152467","1777555","11.75","11.75","11.60","11.60","-0.1000","50"
"9904","寶成","4558225","140790258","31.20","31.35","30.50","30.50","-0.2500","1746"
"9905","大華","27978","724910","26.15","26.15","25.85","25.85","-0.0500","33"
"9906","欣巴巴","78070","4254884","55.90","56.30","53.80","53.90","-1.5000","73"
"9907","統一實","2724915","44910584","16.50","16.60","16.40","16.45","0.0500","908"
"9908","大台北","32498","1074837","33.25","33.25","32.90","32.95","-0.1000","45"
"9910","豐泰","1367211","269684638","200.00","204.50","193.50","193.50","-6.5000","1874"
"9911","櫻花","574538","37559475","65.50","65.80","65.20","65.40","0.1000","475"
"9912","偉聯","34780","312950","9.09","9.09","8.90","9.03","0.0000","42"
"9914","美利達","474138","122969957","263.00","265.00","253.00","254.00","-5.0000","548"
"9917","中保科","202317","21462703","107.00","107.00","105.50","105.50","-0.5000","256"
"9918","欣天然","8386","378842","45.50","45.50","44.95","44.95","-0.5500","18"
"9919","康那香","2774691","57758893","20.70","21.10","20.30","20.40","-0.2500","866"
"9921","巨大","712525","177710459","251.50","253.00","245.50","245.50","-3.5000","891"
"9924","福興","462301","18350035","39.55","39.85","39.50","39.65","0.0000","417"
"9925","新保","154458","6104002","39.75","39.75","39.40","39.55","-0.1500","124"
"9926","新海","4596","236005","51.40","51.50","51.00","51.00","0.1000","9"
"9927","泰銘","422486","18887273","45.40","45.50","44.00","44.00","-1.0000","357"
"9928","中視","4557","77389","16.80","17.20","16.80","17.00","-0.1000","9"
"9929","秋雨","26557","231363","8.82","8.85","8.60","8.66","-0.0800","20"
"9930","中聯資源","44407","2103624","47.90","47.90","47.00","47.05","-0.4500","40"
"9931","欣高","6183","251034","40.90","40.90","40.50","40.55","-0.3500","9"
"9933","中鼎","14260353","701797303","48.10","50.40","47.80","48.00","0.4000","8038"
"9934","成霖","261103","3192765","12.25","12.30","12.15","12.20","0.0000","109"
"9935","慶豐富","690789","12817824","19.20","19.20","17.95","17.95","-1.0000","386"
"9937","全國","4257","209498","49.25","49.25","49.20","49.20","-0.1000","28"
"9938","百和","558113","38015767","69.20","69.40","67.10","67.30","-1.2000","671"
"9939","宏全","1180997","92131501","79.00","79.40","77.00","77.70","-0.8000","1601"
"9940","信義","424536","13152908","31.00","31.20","30.70","30.70","-0.1000","331"
"9941","裕融","646675","141514713","221.00","223.50","214.00","215.00","-4.5000","1163"
"9941A","裕融甲特","4115","214381","52.00","52.30","52.00","52.10","-0.1000","5"
"9942","茂順","23197","1999463","87.00","87.10","85.60","85.90","-0.6000","25"
"9943","好樂迪","38925","2164349","55.30","56.00","55.30","55.30","-0.6000","59"
"9944","新麗","70749","1433128","20.35","20.35","20.05","20.10","-0.2500","150"
"9945","潤泰新","5344785","409719204","77.80","78.10","75.60","75.70","-1.3000","4872"
"9946","三發地產","88068","1155197","13.25","13.30","12.90","12.95","-0.2000","67"
"9955","佳龍","953670","19932145","21.40","21.55","20.30","20.35","-0.9500","618"
"9958","世紀鋼","3802019","407474480","109.00","109.50","105.50","105.50","-2.5000","3043"
