"00679B" "元大美債20年" "30.02" "-0.14" "30.13" "30.14" "29.99" "37621000" "1129947530" "15444" "30.02" "765" "30.03" "15" "3499692000" "9999.95" "0.01"
"00687B" "國泰20年美債" "30.97" "-0.27" "31.04" "31.06" "30.94" "40872000" "1266166160" "8660" "30.96" "142" "30.97" "679" "1493787000" "9999.95" "0.01"
"00694B" "富邦美債1-3" "40.08" "-0.02" "40.10" "40.15" "40.08" "186000" "7461780" "19" "40.08" "99" "40.09" "1" "93076000" "9999.95" "0.01"
"00695B" "富邦美債7-10" "34.53" "-0.18" "34.55" "34.57" "34.52" "209000" "7218900" "43" "34.53" "4" "34.54" "20" "25186000" "9999.95" "0.01"
"00696B" "富邦美債20年" "31.41" "-0.27" "31.48" "31.48" "31.39" "11411000" "358578700" "2752" "31.41" "104" "31.42" "303" "840681000" "9999.95" "0.01"
"00697B" "元大美債7-10" "35.18" "除息" "35.37" "35.37" "35.16" "465000" "16379990" "144" "35.18" "7" "35.19" "20" "18712000" "9999.95" "0.01"
"00718B" "富邦中國政策債" "19.98" "-0.03" "19.99" "20.00" "19.97" "179000" "3576450" "11" "19.98" "1" "20.00" "20" "532501000" "9999.95" "0.01"
"00719B" "元大美債1-3" "31.43" "+0.03" "31.40" "31.45" "31.40" "1268000" "39859370" "140" "31.42" "12" "31.43" "33" "156514000" "9999.95" "0.01"
"00720B" "元大投資級公司債" "33.90" "-0.16" "33.95" "33.97" "33.88" "19022000" "645006590" "6575" "33.89" "310" "33.90" "171" "2499609000" "9999.95" "0.01"
"00721B" "元大中國債3-5" "45.04" "-0.10" "45.08" "45.10" "45.04" "65000" "2927820" "6" "44.90" "20" "45.04" "19" "4622000" "9999.95" "0.01"
"00722B" "群益投資級電信債" "36.23" "-0.17" "36.28" "36.30" "36.21" "5085000" "184259440" "1071" "36.23" "75" "36.24" "104" "1248739000" "9999.95" "0.01"
"00723B" "群益投資級科技債" "33.05" "-0.16" "33.05" "33.08" "33.03" "149000" "4924650" "13" "33.03" "4" "33.04" "1" "1255083000" "9999.95" "0.01"
"00724B" "群益投資級金融債" "32.93" "-0.18" "32.99" "32.99" "32.88" "4054000" "133438420" "539" "32.92" "51" "32.93" "77" "2806775000" "9999.95" "0.01"
"00725B" "國泰投資級公司債" "36.15" "-0.19" "36.10" "36.19" "36.10" "2634000" "95242020" "592" "36.15" "22" "36.16" "80" "2279206000" "9999.95" "0.01"
"00726B" "國泰5Y+新興債" "33.65" "-0.06" "33.54" "33.72" "33.52" "155000" "5213950" "33" "33.64" "23" "33.65" "11" "1132489000" "9999.95" "0.01"
"00727B" "國泰1-5Y非投等債" "38.75" "-0.04" "38.79" "38.81" "38.70" "133000" "5158080" "13" "38.75" "42" "38.78" "49" "91689000" "9999.95" "0.01"
"00734B" "台新JPM新興債" "15.55" "-0.05" "15.60" "15.60" "15.53" "1033000" "16072490" "15" "15.55" "11" "15.56" "50" "31479000" "9999.95" "0.01"
"00740B" "富邦全球投等債" "38.65" "-0.19" "38.70" "38.73" "38.64" "3908000" "151095210" "182" "38.64" "9" "38.65" "34" "1106971000" "9999.95" "0.01"
"00741B" "富邦全球非投等債" "37.52" "+0.04" "37.52" "37.52" "37.51" "107000" "4013610" "11" "37.49" "1" "37.52" "2" "11128000" "9999.95" "0.01"
"00744B" "國泰中國政金債5+" "42.12" "-0.13" "42.14" "42.14" "42.10" "116000" "4884200" "6" "42.06" "5" "42.12" "8" "1728000" "9999.95" "0.01"
"00746B" "富邦A級公司債" "35.82" "-0.19" "35.83" "35.84" "35.80" "3230000" "115651320" "92" "35.83" "11" "35.84" "104" "2137464000" "9999.95" "0.01"
"00749B" "凱基新興債10+" "31.33" "-0.16" "31.42" "31.42" "31.27" "104000" "3258230" "5" "31.32" "1" "31.37" "10" "952000000" "9999.95" "0.01"
"00750B" "凱基科技債10+" "34.33" "-0.16" "34.33" "34.33" "34.33" "100000" "3433000" "2" "34.24" "5" "34.29" "1" "125500000" "9999.95" "0.01"
"00751B" "元大AAA至A公司債" "33.60" "除息" "33.76" "33.77" "33.58" "28511000" "958814700" "10226" "33.60" "49" "33.61" "861" "2999603000" "9999.95" "0.01"
"00754B" "群益AAA-AA公司債" "35.80" "-0.19" "35.79" "35.80" "35.76" "158000" "5652730" "17" "35.79" "2" "35.80" "36" "553900000" "9999.95" "0.01"
"00755B" "群益投資級公用債" "33.11" "-0.16" "33.15" "33.15" "33.05" "294000" "9734450" "45" "33.11" "8" "33.12" "16" "170730000" "9999.95" "0.01"
"00756B" "群益投等新興公債" "32.14" "-0.12" "32.21" "32.21" "32.12" "180000" "5785850" "50" "32.13" "6" "32.14" "18" "1162800000" "9999.95" "0.01"
"00758B" "復華能源債" "50.70" "-0.15" "50.65" "50.70" "50.65" "125000" "6336850" "4" "50.70" "66" "50.75" "20" "5525000" "9999.95" "0.01"
"00759B" "復華製藥債" "55.50" "-0.20" "55.40" "55.50" "55.40" "140000" "7766750" "5" "55.45" "88" "55.50" "1" "47525000" "9999.95" "0.01"
"00760B" "復華新興企業債" "52.20" "-0.15" "52.20" "52.20" "52.15" "130000" "6780500" "13" "52.20" "10" "52.25" "36" "396520000" "9999.95" "0.01"
"00761B" "國泰A級公司債" "36.14" "-0.20" "36.24" "36.28" "36.11" "382000" "13803270" "85" "36.14" "2" "36.15" "314" "2439589000" "9999.95" "0.01"
"00764B" "群益25年美債" "30.63" "除息" "30.79" "30.79" "30.60" "4835000" "148136930" "1472" "30.62" "25" "30.63" "66" "936000000" "9999.95" "0.01"
"00768B" "復華20年美債" "53.05" "-0.40" "53.10" "53.10" "53.00" "122000" "6466650" "17" "53.00" "1" "53.05" "124" "333100000" "9999.95" "0.01"
"00772B" "中信高評級公司債" "34.60" "除息" "34.68" "34.68" "34.58" "16703000" "578118760" "6280" "34.59" "96" "34.60" "131" "3307290000" "9999.95" "0.01"
"00773B" "中信優先金融債" "35.03" "除息" "35.10" "35.10" "35.02" "5608000" "196483340" "1214" "35.02" "66" "35.03" "98" "2373290000" "9999.95" "0.01"
"00777B" "凱基AAA至A公司債" "34.02" "除息" "34.08" "34.08" "34.02" "102000" "3470160" "4" "33.99" "11" "34.01" "1" "1436650000" "9999.95" "0.01"
"00778B" "凱基金融債20+" "34.42" "除息" "34.60" "34.60" "34.41" "64000" "2204610" "21" "34.41" "1" "34.42" "95" "1255650000" "9999.95" "0.01"
"00779B" "凱基美債25+" "30.97" "除息" "31.05" "31.09" "30.97" "148000" "4591150" "27" "30.95" "10" "30.97" "130" "849650000" "9999.95" "0.01"
"00780B" "國泰A級金融債" "35.74" "-0.04" "35.58" "35.82" "35.56" "155000" "5544680" "17" "35.74" "3" "35.75" "1" "271102000" "9999.95" "0.01"
"00781B" "國泰A級科技債" "31.92" "除息" "31.84" "31.94" "31.83" "137000" "4370540" "10" "31.90" "60" "31.92" "54" "4836000" "9999.95" "0.01"
"00782B" "國泰A級公用債" "31.74" "-0.23" "31.69" "31.75" "31.69" "710000" "22526890" "219" "31.73" "19" "31.74" "27" "26467000" "9999.95" "0.01"
"00784B" "富邦中國投等債" "37.07" "-0.02" "37.07" "37.07" "37.07" "101000" "3744070" "5" "36.94" "20" "37.05" "20" "2993000" "9999.95" "0.01"
"00785B" "富邦金融投等債" "34.12" "-0.12" "34.11" "34.14" "34.10" "107000" "3650830" "11" "34.12" "1" "34.13" "20" "763966000" "9999.95" "0.01"
"00786B" "元大10年IG銀行債" "32.65" "-0.12" "32.64" "32.66" "32.64" "71000" "2318060" "30" "32.65" "2" "32.66" "114" "16566000" "9999.95" "0.01"
"00787B" "元大10年IG醫療債" "33.93" "除息" "33.92" "33.96" "33.90" "22000" "746070" "17" "33.93" "1" "33.94" "62" "9806000" "9999.95" "0.01"
"00788B" "元大10年IG電能債" "31.03" "-0.10" "31.01" "31.03" "30.99" "146000" "4529130" "47" "31.02" "5" "31.03" "80" "18206000" "9999.95" "0.01"
"00789B" "復華公司債A3" "50.90" "-0.35" "50.95" "50.95" "50.90" "379000" "19302950" "34" "50.90" "38" "50.95" "20" "159100000" "9999.95" "0.01"
"00790B" "復華次順位金融債" "51.90" "-0.25" "51.90" "51.90" "51.90" "100000" "5190000" "2" "51.60" "11" "52.05" "10" "2100000" "9999.95" "0.01"
"00791B" "復華信用債1-5" "54.65" "-0.10" "54.65" "54.65" "54.65" "100000" "5465000" "8" "54.35" "111" "54.50" "1" "253600000" "9999.95" "0.01"
"00792B" "群益A級公司債" "32.60" "除息" "32.62" "32.62" "32.58" "122000" "3976220" "17" "32.60" "1" "32.61" "10" "1503615000" "9999.95" "0.01"
"00793B" "群益AAA-A醫療債" "32.28" "除息" "32.33" "32.33" "32.23" "133000" "4292320" "13" "32.27" "1" "32.30" "5" "3526000" "9999.95" "0.01"
"00794B" "群益7+中國政金債" "39.41" "-0.19" "39.54" "39.54" "39.40" "103000" "4059360" "5" "39.40" "5" "39.41" "1" "38687000" "9999.95" "0.01"
"00795B" "中信美國公債20年" "30.10" "-0.28" "30.20" "30.21" "30.06" "17641000" "530854100" "3921" "30.09" "15" "30.10" "457" "789098000" "9999.95" "0.01"
"00799B" "國泰A級醫療債" "32.35" "-0.13" "32.26" "32.35" "32.23" "39000" "1257580" "17" "32.34" "1" "32.37" "39" "7036000" "9999.95" "0.01"
"00831B" "新光美債1-3" "38.95" "0.00" "39.00" "39.00" "38.95" "4000" "155900" "3" "38.84" "10" "39.05" "10" "14100000" "9999.95" "0.01"
"00834B" "第一金金融債10+" "33.19" "-0.12" "33.20" "33.20" "33.19" "110000" "3651000" "4" "33.15" "37" "33.18" "1" "22198000" "9999.95" "0.01"
"00836B" "永豐10年A公司債" "29.85" "除息" "29.93" "29.96" "29.85" "143000" "4275700" "16" "29.86" "111" "29.88" "1" "595041000" "9999.95" "0.01"
"00840B" "凱基IG精選15+" "31.03" "-0.15" "31.03" "31.03" "31.03" "100000" "3103000" "2" "30.93" "11" "30.99" "1" "59931000" "9999.95" "0.01"
"00841B" "凱基AAA-AA公司債" "30.84" "-0.19" "30.84" "30.84" "30.84" "102000" "3145680" "6" "30.76" "11" "30.81" "1" "53940000" "9999.95" "0.01"
"00842B" "台新美元銀行債" "31.73" "-0.17" "31.74" "31.74" "31.73" "105000" "3331690" "6" "31.72" "2" "31.75" "15" "9267000" "9999.95" "0.01"
"00844B" "新光15年IG金融債" "31.27" "-0.18" "31.27" "31.27" "31.27" "2000" "62540" "2" "31.21" "5" "31.31" "5" "285675000" "9999.95" "0.01"
"00845B" "富邦新興投等債" "31.52" "-0.03" "31.48" "31.52" "31.48" "103000" "3246520" "5" "31.46" "1" "31.52" "39" "201551000" "9999.95" "0.01"
"00846B" "富邦歐洲銀行債" "33.51" "-0.04" "33.42" "33.51" "33.42" "104000" "3484770" "6" "33.41" "20" "33.51" "35" "73850000" "9999.95" "0.01"
"00847B" "中信美國市政債" "27.07" "-0.10" "27.12" "27.12" "27.03" "246000" "6656660" "12" "27.05" "3" "27.09" "10" "10805000" "9999.95" "0.01"
"00848B" "中信新興亞洲債" "33.97" "-0.12" "33.99" "33.99" "33.97" "101000" "3430990" "5" "33.93" "10" "33.95" "1" "146066000" "9999.95" "0.01"
"00849B" "中信EM主權債0-5" "36.96" "+0.02" "36.95" "36.97" "36.95" "105000" "3880830" "6" "36.94" "10" "36.97" "5" "525606000" "9999.95" "0.01"
"00853B" "統一美債10年Aa-A" "28.81" "-0.13" "28.85" "28.86" "28.80" "1126000" "32454870" "143" "28.81" "34" "28.82" "65" "57134000" "9999.95" "0.01"
"00856B" "永豐1-3年美公債" "38.04" "除息" "38.08" "38.13" "38.02" "287000" "10934920" "33" "38.04" "77" "38.10" "117" "8292000" "9999.95" "0.01"
"00857B" "永豐20年美公債" "25.59" "除息" "25.70" "25.70" "25.57" "7220000" "184909470" "2427" "25.58" "188" "25.59" "223" "128268000" "9999.95" "0.01"
"00858" "永豐美國500大" "27.39" "-0.31" "27.37" "27.39" "27.36" "205000" "5612870" "70" "27.38" "32" "27.39" "56" "13874000" "9999.95" "0.01"
"00859B" "群益0-1年美債" "41.13" "除息" "41.22" "41.22" "41.13" "723000" "29757250" "32" "41.13" "28" "41.16" "7" "7511000" "9999.95" "0.01"
"00860B" "群益1-5Y投資級債" "37.87" "+0.03" "37.84" "37.87" "37.84" "105000" "3976240" "4" "37.81" "15" "37.87" "15" "3171000" "9999.95" "0.01"
"00862B" "中信投資級公司債" "31.18" "除息" "31.31" "31.31" "31.13" "1189000" "37049640" "126" "31.17" "7" "31.18" "124" "581381000" "9999.95" "0.01"
"00863B" "中信全球電信債" "31.63" "除息" "31.69" "31.69" "31.62" "103000" "3257460" "8" "31.60" "6" "31.62" "1" "480464000" "9999.95" "0.01"
"00864B" "中信美國公債0-1" "43.45" "+0.04" "43.43" "43.47" "43.43" "1382000" "60053570" "96" "43.45" "210" "43.46" "200" "52722000" "9999.95" "0.01"
"00867B" "新光A-BBB電信債" "30.78" "-0.19" "30.78" "30.79" "30.78" "211000" "6494590" "8" "30.77" "53" "30.79" "1" "487650000" "9999.95" "0.01"
"00870B" "元大15年EM主權債" "29.10" "-0.16" "29.12" "29.15" "29.10" "64000" "1863060" "12" "29.05" "1" "29.11" "10" "456151000" "9999.95" "0.01"
"00877" "復華中國5G" "10.07" "-0.06" "10.06" "10.16" "10.03" "917000" "9233710" "179" "10.06" "20" "10.07" "9" "317288000" "9999.95" "0.01"
"00883B" "中信ESG投資級債" "30.87" "除息" "30.85" "30.87" "30.84" "222000" "6848330" "14" "30.83" "11" "30.87" "8" "8258000" "9999.95" "0.01"
"00884B" "中信低碳新興債" "30.03" "-0.24" "30.05" "30.05" "30.03" "211000" "6337050" "6" "30.04" "2" "30.07" "20" "26440000" "9999.95" "0.01"
"00886" "永豐美國科技" "24.75" "-0.48" "24.73" "24.77" "24.73" "46000" "1138140" "20" "24.75" "1" "24.77" "64" "11451000" "9999.95" "0.01"
"00887" "永豐中國科技50大" "12.56" "-0.05" "12.66" "12.66" "12.50" "493000" "6183710" "40" "12.54" "1" "12.56" "9" "19851000" "9999.95" "0.01"
"00888" "永豐台灣ESG" "13.73" "-0.19" "13.80" "13.82" "13.72" "5465000" "75161610" "1908" "13.72" "135" "13.73" "94" "673478000" "15.10" "12.36"
"00890B" "凱基ESG BBB債15+" "32.34" "-0.13" "32.42" "32.42" "32.33" "151000" "4885990" "20" "32.34" "53" "32.35" "1" "21264000" "9999.95" "0.01"
"00928" "中信上櫃ESG 30" "15.40" "-0.04" "15.39" "15.48" "15.36" "2261000" "34886200" "135" "15.40" "7" "15.41" "56" "38856000" "16.94" "13.86"
"00931B" "統一美債20年" "14.67" "-0.11" "14.70" "14.70" "14.65" "31674000" "464507770" "8691" "14.66" "484" "14.67" "1723" "931898000" "9999.95" "0.01"
"1240" "茂生農經" "47.50" "+0.10" "47.40" "47.50" "47.05" "9000" "426400" "8" "47.65" "1" "47.85" "2" "39370158" "52.20" "42.75"
"1259" "安心" "74.50" "-0.50" "75.00" "75.00" "74.00" "17000" "1265800" "15" "74.50" "3" "74.60" "1" "32389500" "81.90" "67.10"
"1264" "德麥" "285.00" "+0.50" "284.50" "285.00" "284.50" "4000" "1138500" "4" "285.50" "2" "286.00" "1" "37064367" "313.50" "256.50"
"1268" "漢來美食" "152.50" "+1.50" "150.00" "155.50" "150.00" "165000" "25357000" "134" "152.50" "4" "153.00" "4" "42223730" "167.50" "137.50"
"1336" "台翰" "21.90" "+0.05" "21.85" "21.90" "21.85" "66000" "1443150" "29" "21.85" "4" "21.95" "1" "78818419" "24.05" "19.75"
"1565" "精華" "196.00" "+0.50" "195.00" "197.00" "195.00" "103000" "20187000" "73" "195.50" "4" "196.00" "6" "50416516" "215.50" "176.50"
"1569" "濱川" "22.40" "0.00" "22.40" "22.50" "22.40" "74000" "1659900" "48" "22.40" "13" "22.45" "14" "121447441" "24.60" "20.20"
"1570" "力肯" "19.80" "0.00" "19.80" "19.85" "19.80" "17000" "336650" "7" "19.75" "2" "19.80" "1" "51500839" "21.75" "17.85"
"1580" "新麥" "129.00" "0.00" "129.00" "129.50" "128.50" "73000" "9405000" "67" "128.50" "10" "129.50" "8" "50230242" "141.50" "116.50"
"1584" "精剛" "33.90" "-0.30" "33.85" "35.85" "33.85" "7257000" "250723150" "3473" "33.90" "40" "33.95" "4" "192470533" "37.25" "30.55"
"1586" "和勤" "33.85" "+0.35" "33.70" "34.05" "33.40" "250000" "8464200" "147" "33.80" "1" "33.90" "2" "85898813" "37.20" "30.50"
"1591" "駿吉-KY" "41.10" "-0.70" "41.40" "42.10" "41.10" "553000" "22928600" "294" "41.10" "4" "41.15" "1" "34798047" "45.20" "37.00"
"1593" "祺驊" "63.70" "-0.20" "63.90" "63.90" "63.60" "12000" "764500" "7" "63.60" "5" "63.90" "1" "39782819" "70.00" "57.40"
"1595" "川寶" "38.75" "+0.10" "38.65" "38.80" "38.60" "21000" "812250" "16" "38.65" "1" "38.75" "2" "47447634" "42.60" "34.90"
"1599" "宏佳騰" "36.90" "+0.20" "36.75" "36.95" "36.40" "123000" "4521800" "56" "36.75" "7" "36.80" "2" "74528764" "40.55" "33.25"
"1742" "台蠟" "17.00" "0.00" "17.00" "17.15" "16.95" "13000" "221150" "12" "17.00" "2" "17.15" "3" "93559300" "18.70" "15.30"
"1777" "生泰" "89.50" "+0.60" "88.90" "90.00" "88.90" "50000" "4478000" "39" "89.20" "1" "89.50" "15" "44591713" "98.40" "80.60"
"1781" "合世" "12.20" "0.00" "12.40" "12.40" "12.05" "45000" "544700" "34" "12.10" "1" "12.25" "3" "47407605" "13.40" "11.00"
"1784" "訊聯" "65.00" "+0.60" "64.50" "65.50" "63.90" "230000" "14915000" "149" "65.00" "2" "65.10" "7" "49626924" "71.50" "58.50"
"1785" "光洋科" "37.85" "+0.10" "37.70" "38.25" "37.60" "2069000" "78686100" "931" "37.85" "12" "37.90" "1" "596607243" "41.60" "34.10"
"1788" "杏昌" "139.50" "-0.50" "140.00" "140.00" "139.50" "3000" "419000" "3" "139.50" "1" "140.00" "4" "44520971" "153.00" "126.00"
"1796" "金穎生技" "90.50" "+0.50" "91.50" "91.50" "90.00" "22000" "1990300" "20" "90.30" "1" "90.50" "2" "41459793" "99.50" "81.50"
"1799" "易威" "21.10" "0.00" "21.10" "21.10" "21.10" "11000" "232100" "6" "21.05" "5" "21.75" "1" "114365775" "23.20" "19.00"
"1813" "寶利徠" "19.70" "+0.05" "19.50" "19.70" "19.50" "6000" "117650" "5" "19.55" "1" "19.60" "1" "46635510" "21.65" "17.75"
"1815" "富喬" "14.70" "+0.95" "13.75" "14.70" "13.75" "8480000" "122717550" "2773" "14.65" "116" "14.70" "357" "450201712" "16.15" "13.25"
"02001B" "統一美國政府債N" "7.94" "-0.03" "7.94" "7.94" "7.94" "15000" "119100" "1" "7.92" "439" "7.93" "287" "20000000" "9999.95" "0.01"
"02002L" "兆豐富櫃200正二N" "6.33" "-0.05" "6.37" "6.37" "6.32" "24000" "152330" "7" "6.30" "111" "6.32" "133" "40000000" "7.59" "5.07"
"2035" "唐榮" "31.90" "0.00" "31.50" "31.90" "31.50" "24000" "759250" "15" "31.85" "1" "31.90" "1" "350000000" "35.05" "28.75"
"2061" "風青" "15.70" "+0.05" "15.55" "15.70" "15.50" "52000" "815050" "18" "15.60" "1" "15.70" "16" "47108290" "17.25" "14.15"
"2063" "世鎧" "52.40" "+0.30" "52.10" "52.50" "52.00" "49000" "2560200" "34" "52.10" "10" "52.50" "14" "49599530" "57.60" "47.20"
"2064" "晉椿" "16.50" "0.00" "16.50" "16.50" "16.40" "28000" "461450" "15" "16.45" "1" "16.50" "1" "69630000" "18.15" "14.85"
"2065" "世豐" "57.60" "+0.10" "57.70" "57.90" "57.60" "36000" "2076800" "32" "57.50" "14" "57.60" "3" "52410471" "63.30" "51.90"
"2066" "世德" "87.10" "-0.40" "86.80" "87.40" "86.60" "56000" "4863400" "35" "86.80" "1" "87.10" "2" "41868196" "95.80" "78.40"
"2067" "嘉鋼" "12.60" "-0.40" "13.15" "13.15" "12.55" "12000" "152750" "12" "12.60" "3" "12.95" "1" "45138177" "13.85" "11.35"
"2070" "精湛" "30.30" "+0.35" "30.10" "31.90" "30.10" "36000" "1121450" "32" "30.25" "2" "30.30" "2" "35782800" "33.30" "27.30"
"2073" "雄順" "30.60" "+0.20" "30.40" "30.65" "30.40" "10000" "305200" "7" "30.50" "1" "30.60" "2" "27500000" "33.65" "27.55"
"2221" "大甲" "35.00" "-0.30" "35.10" "35.20" "35.00" "22000" "772200" "10" "35.00" "15" "35.10" "1" "42325000" "38.50" "31.50"
"2230" "泰茂" "97.00" "-3.50" "101.00" "102.50" "97.00" "1238000" "122292500" "942" "97.00" "8" "97.10" "3" "47635939" "106.50" "87.30"
"2235" "謚源" "44.00" "0.00" "44.00" "44.00" "44.00" "11000" "484000" "8" "43.80" "2" "44.00" "2" "35878000" "48.40" "39.60"
"2596" "綠意" "23.30" "-0.15" "23.35" "23.45" "23.20" "70000" "1631800" "46" "23.25" "18" "23.30" "3" "100000000" "25.60" "21.00"
"2640" "大車隊" "105.50" "-1.50" "108.00" "108.00" "105.00" "49000" "5184000" "38" "105.00" "15" "105.50" "1" "59264956" "116.00" "95.00"
"2641" "正德" "17.15" "-0.10" "17.20" "17.45" "16.95" "5521000" "94854400" "2505" "17.15" "4" "17.20" "89" "270030511" "18.85" "15.45"
"2643" "捷迅" "69.40" "-0.30" "69.40" "69.40" "69.00" "63000" "4364300" "21" "69.10" "1" "69.40" "12" "35000000" "76.30" "62.50"
"2718" "晶悅" "46.00" "-0.85" "47.30" "47.30" "45.95" "18000" "841050" "11" "45.95" "1" "46.80" "1" "87576000" "50.60" "41.40"
"2719" "燦星旅" "54.60" "-1.90" "55.40" "55.50" "54.50" "70000" "3840600" "52" "54.60" "2" "55.00" "2" "68742100" "60.00" "49.15"
"2724" "富驛-KY" "14.20" "0.00" "14.20" "14.20" "14.20" "1000" "14200" "1" "13.00" "2" "14.20" "2" "59656345" "15.60" "12.80"
"2726" "雅茗-KY" "23.60" "-0.20" "24.15" "24.20" "23.60" "8000" "191200" "8" "23.60" "2" "23.85" "3" "35785216" "25.95" "21.25"
"2729" "瓦城" "265.50" "-7.50" "269.00" "270.00" "265.50" "146000" "39037000" "142" "265.50" "10" "266.00" "1" "35943894" "292.00" "239.00"
"2732" "六角" "120.50" "+1.50" "119.00" "121.00" "117.00" "112000" "13369500" "86" "120.00" "1" "120.50" "2" "46472070" "132.50" "108.50"
"2734" "易飛網" "41.55" "-0.85" "41.60" "41.90" "41.35" "282000" "11733850" "201" "41.55" "2" "41.60" "3" "42259760" "45.70" "37.40"
"2736" "富野" "28.75" "+0.25" "28.35" "28.75" "28.35" "161000" "4599400" "125" "28.60" "1" "28.75" "3" "49972230" "31.60" "25.90"
"2740" "天蔥" "----" "---" "----" "----" "----" "0" "0" "0" "37.20" "1" "41.00" "1" "23185484" "44.00" "36.00"
"2743" "山富" "105.50" "-2.50" "107.00" "108.50" "105.00" "415000" "43971500" "322" "105.00" "10" "105.50" "1" "36011700" "116.00" "95.00"
"2745" "五福" "69.70" "-1.30" "70.60" "71.00" "69.70" "112000" "7857600" "99" "69.70" "4" "70.00" "1" "33808526" "76.60" "62.80"
"2752" "豆府" "259.00" "-3.00" "259.00" "259.00" "259.00" "1000" "259000" "1" "253.00" "2" "259.00" "1" "26267382" "284.50" "233.50"
"2754" "亞洲藏壽司" "136.50" "-1.50" "137.00" "139.50" "136.50" "90000" "12361500" "78" "136.50" "4" "137.00" "1" "46719000" "150.00" "123.00"
"2755" "揚秦" "119.00" "+1.50" "119.50" "119.50" "119.00" "7000" "835000" "7" "118.50" "1" "119.00" "1" "30140000" "130.50" "107.50"
"2756" "聯發國際" "101.00" "0.00" "101.00" "101.00" "101.00" "1000" "101000" "1" "99.50" "1" "101.50" "1" "24542820" "111.00" "90.90"
"2916" "滿心" "44.15" "-0.25" "44.20" "44.40" "44.00" "60000" "2653900" "36" "44.15" "2" "44.20" "8" "54626878" "48.55" "39.75"
"2924" "宏太-KY" "23.70" "+0.80" "23.00" "24.00" "23.00" "10000" "237700" "10" "23.15" "2" "23.80" "1" "32805174" "26.05" "21.35"
"2926" "誠品生活" "68.90" "+1.30" "67.60" "69.10" "67.60" "42000" "2874800" "39" "68.80" "4" "68.90" "4" "47389650" "75.70" "62.10"
"2937" "集雅社" "30.80" "+0.10" "30.80" "30.90" "30.80" "4000" "123400" "4" "30.70" "1" "30.90" "1" "38182967" "33.85" "27.75"
"2947" "振宇五金" "87.40" "-0.10" "87.10" "87.60" "87.10" "18000" "1574100" "15" "87.40" "1" "87.60" "1" "19268600" "96.10" "78.70"
"3064" "泰偉" "12.80" "-0.95" "13.00" "13.35" "12.50" "76000" "966450" "29" "12.60" "1" "12.90" "3" "43371502" "14.05" "11.55"
"3066" "李洲" "19.10" "+0.30" "18.65" "19.15" "18.55" "71000" "1350350" "32" "19.10" "1" "19.15" "16" "83070612" "21.00" "17.20"
"3067" "全域" "38.00" "-0.05" "37.30" "38.00" "37.30" "3000" "113100" "3" "37.30" "1" "37.95" "2" "20000000" "41.80" "34.20"
"3071" "協禧" "37.65" "-1.00" "38.10" "38.35" "37.60" "783000" "29587850" "592" "37.60" "17" "37.70" "1" "110000000" "41.40" "33.90"
"3073" "天方能源" "29.45" "-0.10" "29.75" "29.95" "29.45" "15000" "448100" "14" "29.55" "1" "29.85" "1" "32099556" "32.35" "26.55"
"3078" "僑威" "77.50" "-1.40" "78.50" "78.50" "77.50" "5066000" "394177500" "2902" "77.50" "286" "77.60" "38" "227391064" "85.20" "69.80"
"3081" "聯亞" "118.50" "0.00" "119.00" "121.00" "117.00" "4064000" "483384500" "2881" "118.50" "22" "119.00" "59" "91861677" "130.00" "107.00"
"3083" "網龍" "43.40" "+0.45" "42.60" "43.80" "42.60" "99000" "4310400" "83" "43.30" "1" "43.55" "2" "86436108" "47.70" "39.10"
"3085" "新零售" "17.50" "-0.10" "17.50" "17.50" "17.50" "58000" "1015000" "1" "16.10" "1" "17.60" "9" "29019288" "19.25" "15.75"
"3086" "華義" "63.80" "+0.20" "64.30" "64.30" "63.80" "4000" "256200" "4" "63.10" "1" "63.80" "1" "23611299" "70.10" "57.50"
"3088" "艾訊" "91.10" "-1.40" "92.00" "92.00" "90.00" "761000" "69113900" "483" "91.00" "3" "91.10" "3" "101411432" "100.00" "82.00"
"3093" "港建*" "32.20" "+0.25" "31.95" "32.80" "31.90" "163000" "5273600" "91" "32.20" "11" "32.25" "2" "145155576" "35.40" "29.00"
"3095" "及成" "----" "---" "----" "----" "----" "0" "0" "0" "24.30" "1" "25.80" "1" "10000000" "26.70" "21.90"
"3105" "穩懋" "144.00" "-1.50" "146.50" "148.00" "143.50" "4615000" "670305500" "3060" "143.50" "124" "144.00" "33" "423940384" "158.00" "130.00"
"3114" "好德" "28.20" "-0.05" "28.30" "28.50" "27.90" "205000" "5773100" "135" "28.15" "2" "28.25" "6" "65129792" "31.00" "25.40"
"3115" "富榮綱" "----" "---" "----" "----" "----" "0" "0" "0" "10.65" "2" "11.60" "1" "43697600" "12.10" "9.90"
"3118" "進階" "30.00" "0.00" "30.00" "30.00" "30.00" "18000" "540000" "9" "29.90" "1" "29.95" "1" "32452860" "33.00" "27.00"
"3122" "笙泉" "28.50" "+1.90" "27.15" "29.20" "27.05" "3006000" "86122550" "1759" "28.50" "3" "28.55" "1" "39608934" "31.35" "25.65"
"3128" "昇銳" "31.60" "-0.30" "31.80" "32.50" "31.40" "301000" "9587850" "258" "31.60" "5" "31.90" "2" "42000000" "34.75" "28.45"
"3131" "弘塑" "486.00" "-20.00" "503.00" "503.00" "485.00" "267000" "130945000" "261" "486.00" "2" "487.00" "1" "29216015" "534.00" "437.50"
"3141" "晶宏" "94.60" "-1.30" "95.30" "96.50" "94.60" "300000" "28651500" "255" "94.60" "16" "94.80" "2" "75096978" "104.00" "85.20"
"3147" "大綜" "70.60" "-0.20" "70.30" "70.90" "70.30" "62000" "4373400" "55" "70.40" "1" "70.60" "6" "39006099" "77.60" "63.60"
"3152" "璟德" "225.00" "0.00" "225.00" "228.50" "222.50" "136000" "30704500" "126" "225.00" "1" "225.50" "1" "69016200" "247.50" "202.50"
"3162" "精確" "52.30" "-0.50" "52.20" "53.10" "52.20" "644000" "33811300" "438" "52.30" "5" "52.40" "7" "130819342" "57.50" "47.10"
"3163" "波若威" "105.50" "+4.00" "103.00" "105.50" "100.50" "22388000" "2319967000" "12880" "105.00" "147" "105.50" "530" "77493513" "116.00" "95.00"
"3169" "亞信" "125.00" "-0.50" "125.00" "132.00" "123.00" "1650000" "211327500" "1050" "124.50" "10" "125.00" "15" "62776981" "137.50" "112.50"
"3171" "新洲" "18.40" "+0.15" "18.30" "18.55" "18.20" "96000" "1767600" "62" "18.35" "26" "18.45" "1" "66703515" "20.20" "16.60"
"3176" "基亞" "33.50" "-0.20" "34.00" "34.00" "33.50" "111000" "3732700" "74" "33.50" "1" "33.65" "2" "139346255" "36.85" "30.15"
"3178" "公準" "87.80" "-2.70" "90.00" "91.20" "87.80" "649000" "57968800" "540" "87.80" "19" "88.00" "3" "45050000" "96.50" "79.10"
"3188" "鑫龍騰" "15.20" "-0.10" "15.30" "15.35" "15.05" "186000" "2826750" "61" "15.20" "13" "15.25" "1" "186309876" "16.70" "13.70"
"3191" "和進" "13.00" "+0.05" "12.70" "13.00" "12.50" "41000" "523750" "16" "12.90" "12" "12.95" "1" "87194761" "14.30" "11.70"
"3202" "樺晟" "15.65" "-0.35" "15.85" "16.15" "15.50" "871000" "13717600" "363" "15.65" "30" "15.75" "6" "122044870" "17.20" "14.10"
"3205" "佰研" "42.90" "+0.50" "42.40" "43.00" "42.10" "92000" "3919650" "74" "42.45" "2" "42.90" "2" "32545631" "47.15" "38.65"
"3206" "志豐" "46.70" "-0.15" "46.45" "47.35" "46.30" "295000" "13845950" "214" "46.70" "1" "46.75" "2" "58916621" "51.30" "42.05"
"3207" "耀勝" "75.10" "-0.40" "75.50" "75.80" "74.80" "573000" "43078000" "384" "75.00" "20" "75.20" "6" "60770341" "82.60" "67.60"
"3211" "順達" "82.30" "+0.10" "82.20" "82.30" "81.20" "222000" "18163100" "164" "82.20" "1" "82.30" "3" "150598021" "90.50" "74.10"
"3213" "茂訊" "76.30" "-2.00" "77.20" "78.80" "76.10" "1449000" "112253800" "1062" "76.20" "19" "76.30" "1" "58685547" "83.90" "68.70"
"3217" "優群" "134.00" "0.00" "132.00" "136.50" "132.00" "1008000" "136088000" "703" "134.00" "54" "134.50" "11" "90104203" "147.00" "121.00"
"3218" "大學光" "337.00" "+0.50" "336.00" "345.00" "334.00" "126000" "42682000" "120" "337.00" "1" "338.00" "1" "84724899" "370.50" "303.50"
"3219" "倚強科" "49.00" "-0.75" "49.25" "49.25" "49.00" "13000" "638000" "13" "48.95" "1" "49.35" "1" "70361238" "53.90" "44.10"
"3221" "台嘉碩" "27.15" "+0.15" "27.00" "27.40" "27.00" "230000" "6255000" "122" "27.10" "2" "27.15" "8" "104029410" "29.85" "24.45"
"3224" "三顧" "43.90" "+1.40" "43.20" "44.15" "43.10" "175000" "7657200" "141" "43.80" "1" "43.95" "1" "68172648" "48.25" "39.55"
"3226" "至寶電" "54.20" "-2.30" "54.60" "54.60" "54.20" "2000" "108800" "2" "54.80" "1" "57.50" "1" "64430573" "59.60" "48.80"
"3227" "原相" "129.50" "-2.50" "131.50" "132.50" "129.50" "1000000" "130494500" "748" "129.00" "73" "129.50" "5" "146101363" "142.00" "117.00"
"3228" "金麗科" "113.50" "0.00" "113.00" "116.00" "112.00" "421000" "48151500" "374" "113.00" "51" "114.00" "2" "69826495" "124.50" "102.50"
"3230" "錦明" "10.65" "-0.20" "10.85" "10.85" "10.45" "296000" "3127750" "146" "10.60" "1" "10.65" "7" "71010900" "11.70" "9.59"
"3232" "昱捷" "25.10" "+0.05" "24.95" "25.25" "24.95" "144000" "3616500" "102" "25.05" "10" "25.10" "1" "46567865" "27.60" "22.60"
"3234" "光環" "26.25" "-0.25" "26.50" "26.90" "26.00" "964000" "25476450" "630" "26.20" "16" "26.25" "7" "96474692" "28.85" "23.65"
"3236" "千如" "27.60" "+0.15" "27.45" "27.70" "27.20" "422000" "11566550" "291" "27.55" "1" "27.60" "10" "92920896" "30.35" "24.85"
"3252" "海灣" "20.70" "0.00" "20.50" "20.80" "20.45" "162000" "3342250" "67" "20.55" "2" "20.75" "1" "50195754" "22.75" "18.65"
"3259" "鑫創" "26.85" "-0.80" "27.65" "27.65" "26.70" "78000" "2099200" "21" "26.80" "4" "27.05" "1" "49765934" "29.50" "24.20"
"3260" "威剛" "91.40" "-2.00" "91.90" "92.90" "91.30" "7359000" "676336400" "4865" "91.40" "42" "91.50" "6" "293465448" "100.50" "82.30"
"3264" "欣銓" "67.30" "-1.10" "68.60" "69.00" "67.30" "9275000" "632443500" "5234" "67.30" "111" "67.40" "93" "490170076" "74.00" "60.60"
"3265" "台星科" "89.70" "+2.40" "86.50" "91.00" "86.20" "6210000" "555599500" "4416" "89.70" "21" "89.80" "12" "136261659" "98.60" "80.80"
"3268" "海德威" "21.75" "0.00" "21.60" "21.75" "21.45" "48000" "1035350" "25" "21.50" "2" "21.75" "1" "33426272" "23.90" "19.60"
"3272" "東碩" "34.25" "-0.20" "34.15" "34.95" "34.15" "93000" "3199400" "72" "34.20" "10" "34.25" "1" "61168018" "37.65" "30.85"
"3276" "宇環" "18.00" "-0.40" "18.85" "19.45" "17.60" "9960000" "183570650" "4682" "17.95" "10" "18.00" "1" "69712666" "19.80" "16.20"
"3284" "太普高" "16.70" "+0.15" "16.50" "17.05" "16.50" "134000" "2252300" "93" "16.70" "1" "16.75" "1" "88841408" "18.35" "15.05"
"3285" "微端" "21.85" "-0.40" "22.50" "22.50" "21.65" "30000" "655800" "25" "21.80" "6" "21.90" "1" "42735324" "24.00" "19.70"
"3287" "廣寰科" "27.10" "+0.75" "27.15" "27.20" "25.90" "1523000" "40450950" "878" "27.05" "13" "27.10" "1" "43970483" "29.80" "24.40"
"3288" "點晶" "20.85" "-0.20" "20.65" "20.85" "20.65" "2000" "41500" "2" "20.75" "5" "21.60" "3" "15000000" "22.90" "18.80"
"3289" "宜特" "99.50" "-2.00" "100.00" "101.00" "99.30" "647000" "64688800" "493" "99.40" "7" "99.60" "3" "75502921" "109.00" "89.60"
"3290" "東浦" "25.95" "-0.15" "26.40" "26.40" "25.95" "319000" "8327400" "140" "25.95" "7" "26.00" "5" "106494180" "28.50" "23.40"
"3293" "鈊象" "617.00" "-3.00" "620.00" "625.00" "617.00" "568000" "352593000" "475" "617.00" "6" "618.00" "4" "140900780" "678.00" "556.00"
"3294" "英濟" "18.70" "+0.05" "18.65" "18.80" "18.65" "77000" "1441200" "43" "18.70" "3" "18.75" "2" "132015919" "20.55" "16.85"
"3297" "杭特" "17.25" "+0.60" "16.80" "17.25" "16.70" "35000" "591300" "24" "16.85" "6" "17.25" "5" "36049445" "18.95" "15.55"
"3303" "岱稜" "26.35" "-0.15" "26.50" "26.50" "26.30" "41000" "1080250" "30" "26.30" "11" "26.35" "1" "94090607" "28.95" "23.75"
"3306" "鼎天" "50.40" "-0.80" "50.20" "51.10" "49.85" "879000" "44392150" "598" "50.40" "13" "50.50" "10" "50607702" "55.40" "45.40"
"3310" "佳穎" "90.10" "-0.30" "91.20" "91.20" "90.10" "2000" "181300" "2" "90.10" "6" "90.60" "1" "59333451" "99.10" "81.10"
"3313" "斐成" "10.20" "0.00" "10.25" "10.25" "10.10" "65000" "662300" "33" "10.15" "14" "10.25" "14" "138770776" "11.20" "9.18"
"3317" "尼克森" "57.80" "+0.20" "57.00" "58.20" "56.70" "605000" "34871200" "412" "57.70" "10" "57.80" "11" "71051798" "63.50" "52.10"
"3322" "建舜電" "22.75" "0.00" "22.70" "23.25" "22.65" "1526000" "34971450" "799" "22.75" "7" "22.85" "6" "107506537" "25.00" "20.50"
"3323" "加百裕" "30.25" "-0.10" "30.30" "30.45" "30.05" "322000" "9745450" "196" "30.25" "1" "30.30" "3" "88305914" "33.25" "27.25"
"3324" "雙鴻" "311.00" "-33.00" "339.50" "340.50" "311.00" "9649000" "3100181000" "7416" "311.00" "78" "312.00" "97" "88418241" "342.00" "280.00"
"3325" "旭品" "33.55" "-0.25" "34.00" "34.10" "33.15" "2964000" "99516300" "1647" "33.55" "12" "33.60" "29" "84634579" "36.90" "30.20"
"3332" "幸康" "----" "---" "----" "----" "----" "0" "0" "0" "46.80" "2" "47.30" "1" "48104246" "51.40" "42.15"
"3339" "泰谷" "17.90" "-0.10" "17.90" "18.10" "17.75" "166000" "2969550" "79" "17.85" "11" "17.95" "1" "51631276" "19.65" "16.15"
"3349" "寶德" "17.90" "+0.35" "17.60" "17.90" "17.50" "6000" "105600" "6" "17.30" "4" "17.95" "1" "40071648" "19.65" "16.15"
"3354" "律勝" "14.20" "-0.05" "14.10" "14.60" "14.10" "65000" "934850" "27" "14.25" "1" "14.30" "1" "70112426" "15.60" "12.80"
"3357" "臺慶科" "113.50" "-1.00" "114.00" "115.50" "112.50" "152000" "17355000" "102" "113.50" "1" "114.00" "2" "102034000" "124.50" "102.50"
"3360" "尚立" "12.40" "-0.05" "12.45" "12.45" "12.40" "22000" "273400" "18" "12.40" "4" "12.45" "14" "76402244" "13.60" "11.20"
"3362" "先進光" "152.00" "-3.00" "153.00" "158.50" "151.50" "3268000" "506928000" "2429" "152.00" "125" "153.00" "38" "142459880" "167.00" "137.00"
"3363" "上詮" "69.50" "+1.30" "67.50" "71.20" "65.20" "19827000" "1377274100" "12033" "69.40" "21" "69.50" "6" "88640567" "76.40" "62.60"
"3372" "典範" "13.30" "-0.10" "13.40" "13.55" "13.10" "160000" "2130800" "88" "13.30" "1" "13.35" "1" "175340000" "14.60" "12.00"
"3373" "熱映" "19.40" "-0.10" "19.50" "19.60" "19.35" "64000" "1244400" "39" "19.40" "5" "19.45" "1" "43289801" "21.30" "17.50"
"3374" "精材" "113.00" "-0.50" "112.00" "114.00" "112.00" "376000" "42566000" "274" "113.00" "61" "113.50" "12" "271364316" "124.00" "102.00"
"3379" "彬台" "13.00" "+0.20" "12.60" "13.00" "12.60" "56000" "715300" "34" "12.85" "2" "13.05" "1" "38041748" "14.30" "11.70"
"3388" "崇越電" "70.30" "-0.20" "70.50" "70.50" "70.00" "23000" "1613700" "22" "70.20" "8" "70.30" "1" "74062358" "77.30" "63.30"
"3390" "旭軟" "17.90" "+0.05" "17.85" "18.15" "17.75" "169000" "3032700" "95" "17.85" "4" "17.95" "1" "68655059" "19.65" "16.15"
"3402" "漢科" "49.70" "0.00" "49.70" "49.90" "49.70" "59000" "2935350" "47" "49.70" "7" "49.75" "1" "73047692" "54.60" "44.75"
"3426" "台興" "37.95" "0.00" "37.95" "37.95" "37.95" "1000" "37950" "1" "37.95" "1" "38.15" "1" "26400000" "41.70" "34.20"
"3430" "奇鈦科" "45.55" "-0.20" "45.75" "45.80" "45.50" "46000" "2098400" "32" "45.55" "1" "45.60" "2" "33716085" "50.10" "41.00"
"3434" "哲固" "28.30" "+0.05" "28.25" "28.40" "28.05" "19000" "535650" "11" "28.10" "10" "28.20" "1" "27080000" "31.10" "25.50"
"3438" "類比科" "68.70" "+1.60" "67.20" "69.70" "67.20" "303000" "20891000" "238" "68.70" "2" "68.80" "4" "47165815" "75.50" "61.90"
"3441" "聯一光" "39.95" "+1.20" "39.20" "40.60" "38.90" "448000" "17966950" "318" "39.90" "8" "39.95" "1" "40039920" "43.90" "36.00"
"3444" "利機" "80.10" "+1.10" "79.00" "81.70" "78.90" "410000" "32888800" "323" "80.10" "3" "80.20" "4" "44114586" "88.10" "72.10"
"3455" "由田" "71.00" "0.00" "71.20" "71.90" "70.90" "107000" "7633300" "80" "71.00" "2" "71.20" "2" "59850750" "78.10" "63.90"
"3465" "進泰電子" "72.50" "-0.50" "73.00" "73.00" "72.50" "4000" "291500" "4" "72.50" "4" "72.80" "1" "35329862" "79.70" "65.30"
"3466" "致振" "25.05" "+0.05" "24.55" "25.15" "24.55" "138000" "3435500" "99" "25.05" "4" "25.10" "4" "61200573" "27.55" "22.55"
"3479" "安勤" "99.50" "-0.20" "99.90" "100.50" "98.60" "534000" "53219000" "366" "99.50" "5" "99.60" "7" "72169164" "109.00" "89.60"
"3483" "力致" "135.50" "-2.50" "136.50" "138.00" "135.00" "1723000" "234724000" "1165" "135.00" "145" "135.50" "21" "79069419" "149.00" "122.00"
"3484" "崧騰" "42.15" "+0.35" "41.80" "42.40" "41.75" "160000" "6746250" "116" "42.10" "9" "42.20" "6" "75536557" "46.35" "37.95"
"3489" "森寶" "12.00" "+0.05" "11.85" "12.00" "11.85" "56000" "666850" "19" "11.90" "10" "12.00" "5" "83130670" "13.20" "10.80"
"3490" "單井" "24.00" "0.00" "23.70" "24.45" "23.70" "21000" "502700" "20" "23.90" "3" "24.05" "1" "55006435" "26.40" "21.60"
"3491" "昇達科" "155.50" "+2.00" "156.50" "161.00" "155.00" "3831000" "605485000" "2824" "155.50" "5" "156.00" "5" "62831762" "171.00" "140.00"
"3492" "長盛" "17.90" "-0.30" "18.00" "18.05" "17.90" "17000" "305500" "16" "17.90" "1" "18.00" "1" "35531600" "19.65" "16.15"
"3498" "陽程" "34.20" "+0.40" "33.60" "34.35" "33.40" "94000" "3180200" "72" "33.80" "2" "34.20" "1" "62873008" "37.60" "30.80"
"3499" "環天科" "19.45" "-0.25" "19.50" "19.70" "19.45" "77000" "1505350" "53" "19.45" "6" "19.50" "5" "54970596" "21.35" "17.55"
"3508" "位速" "30.90" "-0.90" "30.15" "31.50" "30.15" "170000" "5270850" "132" "30.90" "4" "31.10" "1" "104311737" "33.95" "27.85"
"3511" "矽瑪" "31.00" "+0.15" "31.00" "31.35" "30.95" "92000" "2863500" "61" "31.00" "16" "31.10" "1" "79972945" "34.10" "27.90"
"3512" "皇龍" "32.85" "+0.40" "32.55" "33.00" "32.55" "112000" "3671550" "76" "32.80" "3" "32.85" "38" "84003003" "36.10" "29.60"
"3516" "亞帝歐" "18.20" "+0.05" "18.20" "18.20" "18.20" "1000" "18200" "1" "18.05" "3" "18.10" "2" "52613825" "20.00" "16.40"
"3520" "華盈" "17.40" "+0.30" "17.00" "17.40" "16.85" "507000" "8650900" "265" "17.35" "1" "17.40" "23" "68846778" "19.10" "15.70"
"3521" "鴻翊" "22.05" "-0.25" "22.40" "22.50" "22.00" "224000" "4979500" "114" "22.05" "12" "22.10" "1" "78258535" "24.25" "19.85"
"3522" "御頂" "16.45" "+0.45" "16.00" "16.95" "16.00" "166000" "2737400" "67" "16.40" "5" "16.45" "2" "62525000" "18.05" "14.85"
"3523" "迎輝" "17.75" "+0.10" "17.65" "18.00" "17.35" "73000" "1288600" "24" "17.70" "1" "17.85" "1" "62829868" "19.50" "16.00"
"3526" "凡甲" "173.50" "+3.00" "169.50" "174.00" "169.00" "268000" "46246500" "225" "173.00" "1" "173.50" "4" "58997831" "190.50" "156.50"
"3527" "聚積" "94.70" "+0.50" "94.20" "95.40" "94.20" "18000" "1704200" "17" "94.70" "1" "94.80" "1" "44445125" "104.00" "85.30"
"3529" "力旺" "2185.00" "+60.00" "2115.00" "2210.00" "2110.00" "689000" "1499365000" "645" "2180.00" "5" "2190.00" "12" "76188442" "2400.00" "1970.00"
"3531" "先益" "34.15" "+3.10" "31.45" "34.15" "31.05" "1769000" "59189250" "941" "34.15" "516" "0.00" "0" "61175011" "37.55" "30.75"
"3537" "堡達" "38.30" "0.00" "38.40" "38.40" "38.20" "70000" "2684150" "56" "38.30" "3" "38.35" "2" "53564742" "42.10" "34.50"
"3540" "曜越" "40.65" "-0.35" "40.60" "41.00" "40.40" "136000" "5530950" "103" "40.65" "7" "40.80" "2" "73066548" "44.70" "36.60"
"3541" "西柏" "42.30" "-0.70" "42.70" "42.70" "42.25" "53000" "2245550" "50" "42.30" "4" "42.35" "2" "56787142" "46.50" "38.10"
"3546" "宇峻" "80.50" "0.00" "80.50" "80.80" "80.30" "89000" "7167200" "63" "80.50" "2" "80.60" "1" "50586426" "88.50" "72.50"
"3548" "兆利" "138.00" "-3.00" "140.00" "145.00" "135.50" "1924000" "269734500" "1196" "138.00" "1" "138.50" "6" "60122832" "151.50" "124.50"
"3551" "世禾" "74.70" "-0.20" "75.10" "75.10" "74.40" "50000" "3742900" "35" "74.60" "1" "74.70" "1" "56774890" "82.10" "67.30"
"3552" "同致" "137.50" "0.00" "137.00" "139.00" "135.50" "219000" "30120500" "173" "137.50" "1" "138.00" "5" "85592949" "151.00" "124.00"
"3555" "博士旺" "35.50" "-0.50" "36.30" "36.30" "35.50" "4000" "142800" "4" "35.50" "2" "36.00" "1" "25762797" "39.05" "31.95"
"3556" "禾瑞亞" "63.10" "+0.20" "62.90" "63.50" "62.60" "149000" "9418100" "113" "63.10" "1" "63.20" "4" "63702844" "69.40" "56.80"
"3558" "神準" "270.00" "-2.00" "272.00" "273.00" "269.00" "495000" "133798500" "413" "270.00" "2" "271.00" "3" "49060881" "297.00" "243.00"
"3564" "其陽" "41.25" "-0.35" "41.10" "41.35" "41.00" "118000" "4853700" "95" "41.20" "1" "41.25" "1" "59123100" "45.35" "37.15"
"3567" "逸昌" "44.10" "-0.30" "44.80" "44.80" "43.75" "914000" "40384200" "665" "44.10" "7" "44.30" "6" "33954000" "48.50" "39.70"
"3570" "大塚" "130.00" "+1.00" "128.00" "130.00" "128.00" "45000" "5813000" "35" "128.50" "1" "130.00" "2" "17097000" "143.00" "117.00"
"3577" "泓格" "82.40" "+0.70" "81.70" "83.80" "81.70" "71000" "5886800" "60" "82.30" "2" "82.50" "1" "58150594" "90.60" "74.20"
"3580" "友威科" "50.30" "0.00" "50.20" "51.00" "50.10" "129000" "6516100" "96" "50.30" "3" "50.60" "1" "39470657" "55.30" "45.30"
"3581" "博磊" "28.15" "+0.15" "27.70" "28.50" "27.60" "312000" "8758450" "160" "27.90" "3" "28.20" "6" "51006000" "30.95" "25.35"
"3587" "閎康" "269.00" "-2.00" "265.00" "271.00" "264.00" "1245000" "332741000" "989" "268.50" "15" "269.00" "7" "66313157" "295.50" "242.50"
"3594" "磐儀" "48.20" "-0.60" "48.10" "48.80" "48.05" "108000" "5225500" "73" "48.20" "13" "48.30" "2" "95439358" "53.00" "43.40"
"3597" "映興" "23.00" "0.00" "23.00" "23.00" "23.00" "2000" "46000" "2" "22.85" "2" "23.15" "1" "39149826" "25.30" "20.70"
"3609" "三一東林" "42.80" "0.00" "42.70" "42.80" "42.70" "3000" "128300" "2" "42.70" "1" "42.75" "1" "35279387" "47.05" "38.55"
"3611" "鼎翰" "252.00" "-1.50" "254.00" "254.00" "252.00" "54000" "13660500" "43" "252.00" "4" "252.50" "2" "46864134" "277.00" "227.00"
"3615" "安可" "21.65" "-0.05" "21.60" "22.35" "21.50" "494000" "10767000" "269" "21.65" "2" "21.70" "8" "68466976" "23.80" "19.50"
"3623" "富晶通" "21.00" "-0.25" "21.25" "22.00" "21.00" "299000" "6453600" "200" "21.00" "3" "21.15" "1" "29185946" "23.10" "18.90"
"3624" "光頡" "56.90" "-0.80" "57.10" "58.20" "56.90" "788000" "45260200" "548" "56.90" "1" "57.00" "16" "117340842" "62.50" "51.30"
"3625" "西勝" "16.15" "+0.20" "15.80" "16.35" "15.75" "264000" "4243850" "148" "16.15" "2" "16.30" "4" "114131382" "17.75" "14.55"
"3628" "盈正" "42.25" "-0.20" "42.45" "42.55" "42.25" "42000" "1779000" "33" "42.25" "5" "42.35" "1" "45000000" "46.45" "38.05"
"3629" "地心引力" "38.55" "-0.60" "36.85" "38.55" "36.80" "6000" "224400" "6" "37.10" "1" "38.55" "1" "32954782" "42.40" "34.70"
"3630" "新鉅科" "35.40" "+1.55" "33.85" "36.00" "33.80" "2034000" "71662150" "1199" "35.35" "12" "35.40" "21" "184191848" "38.90" "31.90"
"3631" "晟楠" "30.20" "-0.05" "30.25" "30.25" "30.20" "20000" "604050" "13" "30.20" "2" "30.30" "1" "81820909" "33.20" "27.20"
"3632" "研勤" "13.85" "-0.40" "14.10" "14.10" "13.75" "21000" "291650" "19" "13.90" "1" "14.00" "12" "40889738" "15.20" "12.50"
"3646" "艾恩特" "28.25" "-0.15" "28.45" "28.45" "28.05" "33000" "928350" "21" "28.10" "2" "28.20" "1" "39297371" "31.05" "25.45"
"3663" "鑫科" "35.40" "+0.15" "35.20" "35.55" "35.05" "137000" "4837400" "109" "35.30" "1" "35.40" "3" "73501293" "38.90" "31.90"
"3664" "安瑞-KY" "26.15" "-0.70" "26.05" "26.90" "25.50" "94000" "2441300" "55" "26.10" "1" "26.15" "3" "58410357" "28.75" "23.55"
"3666" "光耀" "27.40" "+0.50" "27.05" "28.95" "27.05" "2186000" "60915600" "1378" "27.35" "1" "27.40" "17" "58692600" "30.10" "24.70"
"3672" "康聯訊" "23.35" "-0.60" "24.00" "24.00" "23.10" "5000" "118100" "5" "23.35" "1" "23.60" "2" "31790375" "25.65" "21.05"
"3675" "德微" "292.00" "+2.50" "288.00" "294.50" "287.00" "304000" "88984500" "269" "291.50" "9" "292.00" "3" "44428250" "321.00" "263.00"
"3680" "家登" "330.50" "-4.50" "330.00" "341.50" "328.50" "1384000" "463049000" "1163" "330.00" "41" "331.50" "5" "88384403" "363.50" "297.50"
"3684" "榮昌" "45.00" "-1.00" "45.20" "45.20" "45.00" "11000" "495450" "10" "45.20" "1" "48.50" "1" "30001674" "49.50" "40.50"
"3685" "元創精密" "26.95" "+1.00" "26.40" "27.55" "25.70" "1666000" "44484550" "812" "26.90" "18" "27.00" "22" "79574000" "29.60" "24.30"
"3687" "歐買尬" "83.90" "+0.70" "83.10" "84.20" "83.10" "58000" "4853400" "51" "83.90" "1" "84.10" "2" "30059572" "92.20" "75.60"
"3689" "湧德" "60.30" "-1.00" "60.70" "61.50" "60.30" "1061000" "64575700" "709" "60.30" "6" "60.50" "1" "78235803" "66.30" "54.30"
"3691" "碩禾" "83.50" "-0.10" "84.70" "85.30" "83.50" "225000" "19033900" "186" "83.50" "1" "83.80" "1" "91883420" "91.80" "75.20"
"3693" "營邦" "524.00" "-53.00" "570.00" "574.00" "520.00" "5361000" "2926836000" "4443" "523.00" "27" "524.00" "28" "38490694" "576.00" "472.00"
"3707" "漢磊" "79.20" "+0.20" "78.50" "80.50" "78.30" "1218000" "97195100" "834" "79.10" "29" "79.30" "6" "333215747" "87.10" "71.30"
"3709" "鑫聯大投控" "32.25" "-1.40" "32.30" "34.55" "32.15" "1876000" "62578500" "1103" "32.20" "10" "32.25" "3" "100569450" "35.45" "29.05"
"3710" "連展投控" "10.00" "+0.05" "9.95" "10.10" "9.91" "404000" "4036710" "168" "9.99" "26" "10.00" "1" "287250734" "11.00" "9.00"
"3713" "新晶投控" "24.70" "-0.20" "24.80" "24.80" "24.55" "28000" "689850" "21" "24.65" "2" "24.70" "1" "78090000" "27.15" "22.25"
"4102" "永日" "36.20" "0.00" "36.05" "36.30" "35.35" "1219000" "43980050" "685" "36.20" "75" "36.25" "63" "42373443" "39.80" "32.60"
"4105" "東洋" "78.00" "+0.20" "77.80" "78.30" "77.80" "526000" "41013100" "333" "78.00" "1" "78.10" "11" "248649959" "85.80" "70.20"
"4107" "邦特" "107.00" "0.00" "107.00" "107.50" "107.00" "69000" "7390000" "38" "106.50" "24" "107.50" "17" "69298336" "117.50" "96.30"
"4109" "加捷生醫" "13.25" "-0.05" "13.30" "13.30" "13.15" "154000" "2036500" "52" "13.25" "1" "13.30" "1" "88936681" "14.55" "11.95"
"4111" "濟生" "26.30" "+0.10" "26.30" "26.40" "26.20" "30000" "788150" "21" "26.25" "1" "26.30" "14" "56982985" "28.90" "23.70"
"4113" "聯上" "24.35" "+0.20" "24.10" "24.45" "24.05" "333000" "8085000" "161" "24.30" "3" "24.35" "3" "211138137" "26.75" "21.95"
"4114" "健喬" "37.70" "+0.15" "37.50" "38.00" "37.40" "1011000" "38245950" "544" "37.70" "9" "37.75" "12" "401414897" "41.45" "33.95"
"4116" "明基醫" "57.60" "+0.30" "57.40" "58.00" "57.40" "95000" "5480100" "74" "57.40" "3" "57.70" "6" "44566000" "63.30" "51.90"
"4120" "友華" "47.60" "+2.60" "45.10" "48.30" "45.05" "2244000" "104973250" "1516" "47.60" "1" "47.65" "2" "86747119" "52.30" "42.85"
"4121" "優盛" "24.80" "+0.55" "24.25" "25.00" "24.20" "450000" "11103750" "307" "24.80" "6" "24.90" "27" "84929145" "27.25" "22.35"
"4123" "晟德" "46.90" "+0.60" "46.45" "47.00" "46.40" "892000" "41759800" "658" "46.85" "2" "46.90" "30" "659219921" "51.50" "42.25"
"4126" "太醫" "83.20" "+0.50" "82.70" "84.10" "82.70" "210000" "17546400" "142" "83.20" "3" "83.40" "1" "72600000" "91.50" "74.90"
"4127" "天良" "13.50" "0.00" "13.50" "13.65" "13.50" "23000" "312050" "18" "13.50" "4" "13.60" "1" "45760000" "14.85" "12.15"
"4128" "中天" "51.90" "+0.20" "51.80" "52.70" "51.60" "1270000" "66108000" "821" "51.80" "10" "52.00" "27" "560162474" "57.00" "46.75"
"4129" "聯合" "69.20" "+1.30" "67.80" "69.50" "67.50" "1123000" "77049900" "827" "69.20" "23" "69.30" "24" "86154381" "76.10" "62.30"
"4130" "健亞" "27.55" "+0.10" "27.45" "27.80" "27.45" "248000" "6846150" "150" "27.55" "1" "27.60" "8" "109375851" "30.30" "24.80"
"4131" "浩泰" "23.00" "-1.00" "23.20" "23.55" "23.00" "31000" "716650" "18" "23.00" "4" "23.50" "10" "39000000" "25.30" "20.70"
"4138" "曜亞" "102.50" "+2.90" "99.60" "104.50" "99.40" "209000" "21410300" "185" "102.00" "7" "102.50" "2" "33000000" "112.50" "92.30"
"4139" "馬光-KY" "41.80" "+0.15" "41.65" "42.00" "41.50" "22000" "919100" "17" "41.80" "1" "42.00" "5" "42549911" "45.95" "37.65"
"4147" "中裕" "89.70" "-0.80" "91.20" "91.30" "89.70" "1705000" "153998600" "1241" "89.70" "1" "89.80" "2" "252951980" "98.60" "80.80"
"4153" "鈺緯" "32.70" "+0.20" "32.30" "33.35" "32.30" "61000" "2009400" "45" "32.60" "1" "33.00" "1" "61759089" "35.95" "29.45"
"4154" "樂威科-KY" "15.35" "-0.80" "15.60" "16.15" "15.35" "62000" "964800" "46" "15.30" "13" "15.85" "5" "35720000" "16.85" "13.85"
"4157" "太景*-KY" "14.95" "0.00" "14.95" "15.25" "14.95" "1450000" "21874750" "540" "14.95" "38" "15.00" "8" "716844175" "16.40" "13.50"
"4160" "訊聯基因" "40.80" "+0.30" "41.45" "41.45" "40.15" "92000" "3720600" "83" "40.50" "1" "40.90" "2" "25404925" "44.85" "36.75"
"4161" "聿新科" "30.95" "-0.45" "31.10" "31.10" "30.50" "112000" "3444200" "78" "30.80" "2" "31.00" "1" "54919889" "34.00" "27.90"
"4162" "智擎" "87.60" "+1.10" "90.10" "90.30" "87.60" "2305000" "205340300" "1653" "87.60" "23" "88.00" "1" "145678840" "96.30" "78.90"
"4163" "鐿鈦" "124.50" "+1.50" "123.00" "125.50" "122.50" "145000" "17970000" "93" "124.00" "5" "124.50" "2" "48290143" "136.50" "112.50"
"4167" "松瑞藥" "17.80" "0.00" "17.70" "17.95" "17.70" "384000" "6848300" "165" "17.75" "32" "17.80" "7" "317389107" "19.55" "16.05"
"4168" "醣聯" "28.60" "+0.30" "28.30" "28.85" "28.30" "253000" "7247700" "158" "28.60" "25" "28.65" "1" "108640133" "31.45" "25.75"
"4171" "瑞基" "36.00" "-0.30" "35.80" "36.45" "35.80" "227000" "8192150" "171" "36.00" "13" "36.10" "2" "57457469" "39.60" "32.40"
"4173" "久裕" "23.70" "-0.25" "23.85" "24.15" "23.55" "227000" "5389800" "175" "23.70" "8" "23.75" "3" "74574355" "26.05" "21.35"
"4174" "浩鼎" "82.60" "+0.30" "82.90" "84.80" "82.50" "380000" "31612700" "296" "82.60" "10" "82.80" "1" "229439374" "90.80" "74.40"
"4175" "杏一" "88.70" "+0.20" "88.50" "89.30" "88.00" "39000" "3460300" "29" "88.70" "1" "89.00" "1" "42222753" "97.50" "79.90"
"4183" "福永生技" "----" "---" "----" "----" "----" "0" "0" "0" "19.95" "2" "20.10" "3" "23800000" "22.00" "18.00"
"4188" "安克" "21.65" "+0.65" "21.10" "21.95" "21.10" "77000" "1653550" "60" "21.45" "1" "21.65" "1" "53221400" "23.80" "19.50"
"4192" "杏國" "47.00" "-1.40" "48.35" "48.35" "46.80" "3000" "142150" "3" "47.20" "1" "48.90" "1" "30744500" "51.70" "42.30"
"4198" "欣大健康" "24.80" "+0.30" "23.30" "24.80" "23.30" "6000" "144200" "6" "23.65" "1" "24.75" "1" "23108000" "27.25" "22.35"
"4205" "中華食" "100.50" "0.00" "100.50" "100.50" "100.50" "18000" "1809000" "15" "100.00" "36" "100.50" "1" "88772026" "110.50" "90.50"
"4207" "環泰" "17.20" "0.00" "17.35" "17.35" "17.10" "268000" "4602250" "183" "17.15" "36" "17.20" "19" "187300008" "18.90" "15.50"
"4303" "信立" "20.50" "+0.80" "19.70" "20.80" "19.65" "418000" "8452700" "244" "20.45" "1" "20.55" "5" "67500000" "22.55" "18.45"
"4304" "勝昱" "8.91" "-0.07" "8.96" "8.96" "8.61" "22000" "192090" "11" "8.69" "1" "8.92" "2" "36038065" "9.80" "8.02"
"4305" "世坤" "33.20" "+0.05" "33.60" "33.60" "33.20" "5000" "166400" "5" "33.20" "6" "33.35" "1" "55014000" "36.50" "29.90"
"4401" "東隆興" "19.20" "+0.05" "19.15" "19.35" "19.15" "564000" "10859400" "242" "19.20" "25" "19.30" "17" "122692012" "21.10" "17.30"
"4402" "福大" "12.00" "+1.05" "11.05" "12.00" "11.05" "1556000" "18519700" "462" "11.95" "9" "12.00" "138" "45991830" "13.20" "10.80"
"4406" "新昕纖" "10.15" "+0.05" "10.10" "10.15" "10.10" "31000" "313300" "12" "10.10" "4" "10.15" "9" "51912000" "11.15" "9.14"
"4413" "飛寶企業" "15.35" "+0.10" "15.10" "15.35" "15.10" "2000" "30450" "2" "15.10" "1" "15.20" "1" "31314689" "16.85" "13.85"
"4416" "三圓" "79.10" "-2.90" "84.50" "84.50" "77.80" "5000" "399300" "5" "79.00" "1" "82.00" "1" "62023870" "87.00" "71.20"
"4417" "金洲" "39.40" "+0.10" "40.15" "40.15" "39.40" "39000" "1550150" "29" "39.35" "7" "39.45" "3" "83971399" "43.30" "35.50"
"4419" "元勝" "24.70" "+0.20" "25.00" "25.00" "24.70" "14000" "349400" "9" "24.60" "2" "25.00" "3" "38163133" "27.15" "22.25"
"4420" "光明" "30.00" "-0.15" "30.10" "30.10" "30.00" "15000" "450850" "14" "30.00" "10" "30.30" "1" "40455000" "33.00" "27.00"
"4430" "耀億" "22.00" "0.00" "22.00" "22.15" "21.95" "12000" "264150" "12" "21.95" "3" "22.05" "1" "56273609" "24.20" "19.80"
"4432" "銘旺實" "24.90" "+0.35" "24.30" "24.90" "24.20" "80000" "1960700" "53" "24.55" "2" "24.90" "8" "50589000" "27.35" "22.45"
"4433" "興采" "31.50" "+0.10" "31.70" "31.70" "31.50" "8000" "252800" "7" "31.50" "1" "31.55" "1" "61299774" "34.65" "28.35"
"4502" "健信" "36.85" "0.00" "36.60" "36.85" "36.60" "10000" "367750" "8" "36.75" "1" "36.90" "1" "58111686" "40.50" "33.20"
"4503" "金雨" "51.00" "-0.30" "50.50" "52.80" "50.40" "182000" "9357200" "126" "51.00" "4" "51.10" "2" "60313326" "56.10" "45.90"
"4506" "崇友" "79.60" "+0.20" "79.30" "79.80" "79.20" "39000" "3102600" "33" "79.50" "3" "79.60" "1" "177012000" "87.50" "71.70"
"4510" "高鋒" "15.50" "0.00" "15.40" "15.60" "15.40" "300000" "4650150" "119" "15.50" "12" "15.55" "4" "108010689" "17.05" "13.95"
"4513" "福裕" "18.70" "-0.15" "18.90" "18.90" "18.70" "126000" "2364750" "45" "18.70" "10" "18.75" "1" "76880300" "20.55" "16.85"
"4523" "永彰" "47.65" "-0.40" "47.50" "48.75" "47.25" "116000" "5561850" "99" "47.65" "3" "47.95" "1" "64000000" "52.40" "42.90"
"4527" "方土霖" "35.70" "0.00" "35.70" "35.75" "35.55" "31000" "1104600" "31" "35.65" "1" "35.75" "1" "76152370" "39.25" "32.15"
"4528" "江興鍛" "32.40" "-0.05" "32.20" "32.80" "32.10" "86000" "2776600" "85" "32.30" "1" "32.50" "1" "84165695" "35.60" "29.20"
"4529" "淳紳" "9.84" "-0.16" "10.00" "10.30" "9.81" "306000" "3063390" "160" "9.83" "11" "9.98" "11" "84581096" "10.80" "8.86"
"4530" "宏易" "6.82" "+0.62" "6.30" "6.82" "6.30" "106000" "712210" "64" "6.82" "19" "0.00" "0" "49437276" "7.50" "6.14"
"4533" "協易機" "26.90" "-0.35" "26.95" "27.20" "26.85" "1074000" "28973700" "592" "26.90" "40" "26.95" "8" "158434110" "29.55" "24.25"
"4534" "慶騰" "9.78" "-0.06" "9.77" "9.80" "9.70" "76000" "739130" "53" "9.70" "13" "9.78" "2" "86788948" "10.75" "8.81"
"4535" "至興" "37.00" "+0.10" "37.05" "37.05" "37.00" "8000" "296100" "7" "36.25" "1" "36.95" "1" "75661740" "40.70" "33.30"
"4538" "大詠城" "19.00" "-0.15" "18.95" "19.00" "18.95" "30000" "569650" "15" "19.00" "1" "19.10" "4" "57536401" "20.90" "17.10"
"4541" "晟田" "34.60" "+0.10" "34.50" "35.70" "34.50" "630000" "22040200" "414" "34.60" "5" "34.70" "2" "67647068" "38.05" "31.15"
"4542" "科嶠" "69.30" "+1.10" "67.20" "69.30" "67.10" "360000" "24546000" "249" "69.20" "6" "69.30" "3" "32285400" "76.20" "62.40"
"4543" "萬在" "39.15" "-0.50" "39.65" "39.65" "39.00" "299000" "11713050" "225" "39.15" "11" "39.20" "4" "56970000" "43.05" "35.25"
"4549" "桓達" "90.00" "+0.50" "89.80" "90.00" "89.70" "10000" "899000" "10" "90.00" "1" "90.10" "1" "54788971" "99.00" "81.00"
"4550" "長佳" "29.40" "-0.10" "29.80" "29.80" "29.25" "30000" "882950" "27" "29.35" "2" "29.40" "3" "37838783" "32.30" "26.50"
"4554" "橙的" "26.90" "+0.05" "26.90" "27.00" "26.90" "6000" "161500" "6" "26.80" "1" "26.95" "2" "23298641" "29.55" "24.25"
"4556" "旭然" "----" "---" "----" "----" "----" "0" "0" "0" "29.20" "1" "29.55" "3" "41884000" "32.50" "26.60"
"4558" "寶緯" "28.05" "-0.05" "28.30" "28.30" "28.05" "22000" "620050" "22" "28.05" "1" "28.10" "1" "50000000" "30.85" "25.25"
"4561" "健椿" "29.85" "-1.45" "30.00" "30.90" "29.85" "458000" "13804700" "319" "29.85" "13" "30.00" "2" "58521619" "32.80" "26.90"
"4563" "百德" "58.40" "-1.60" "60.00" "60.00" "58.20" "119000" "6984600" "89" "58.40" "16" "58.50" "1" "54950000" "64.20" "52.60"
"4568" "科際精密" "53.90" "-0.10" "53.50" "54.00" "53.50" "8000" "430700" "8" "53.90" "2" "54.40" "1" "32015125" "59.20" "48.55"
"4577" "達航科技" "28.10" "+0.20" "28.10" "28.10" "27.70" "31000" "863900" "30" "27.70" "1" "28.15" "1" "49137998" "30.90" "25.30"
"4580" "捷流閥業" "91.40" "-0.30" "91.70" "91.70" "91.30" "32000" "2927500" "29" "91.40" "1" "91.50" "1" "43133107" "100.50" "82.30"
"4584" "君帆" "44.80" "-0.50" "45.00" "45.00" "44.60" "29000" "1298100" "20" "44.80" "1" "44.90" "1" "27780000" "49.25" "40.35"
"4609" "唐鋒" "7.59" "0.00" "7.59" "7.59" "7.59" "1000" "7590" "1" "6.91" "2" "7.57" "3" "47946820" "8.34" "6.84"
"4702" "中美實" "13.15" "-0.10" "13.20" "13.20" "13.10" "85000" "1118800" "48" "13.10" "9" "13.20" "5" "72333200" "14.45" "11.85"
"4706" "大恭" "29.60" "-0.45" "29.75" "29.95" "29.45" "154000" "4573300" "111" "29.55" "5" "29.60" "1" "79030093" "32.55" "26.65"
"4707" "磐亞" "12.25" "-0.05" "12.30" "12.30" "12.25" "301000" "3696750" "157" "12.25" "157" "12.30" "25" "379075371" "13.45" "11.05"
"4711" "永純" "15.95" "+0.05" "15.90" "15.95" "15.90" "8000" "127400" "7" "15.90" "3" "16.05" "14" "61056000" "17.50" "14.40"
"4712" "南璋" "3.95" "-0.02" "3.95" "4.00" "3.94" "88000" "349130" "20" "3.92" "2" "3.94" "29" "73690737" "4.34" "3.56"
"4714" "永捷" "13.65" "+0.35" "13.50" "13.90" "13.30" "3476000" "47309050" "1386" "13.65" "30" "13.70" "29" "139888510" "15.00" "12.30"
"4716" "大立" "12.75" "0.00" "12.75" "12.85" "12.75" "54000" "690550" "24" "12.75" "1" "12.80" "9" "84904446" "14.00" "11.50"
"4721" "美琪瑪" "85.60" "-1.30" "86.90" "86.90" "85.10" "213000" "18290500" "158" "85.50" "2" "85.70" "1" "74986304" "94.10" "77.10"
"4726" "永昕" "39.25" "-0.50" "39.50" "39.70" "39.10" "221000" "8727750" "128" "39.25" "3" "39.45" "4" "205824400" "43.15" "35.35"
"4728" "雙美" "212.00" "+19.00" "194.00" "212.00" "194.00" "304000" "63080000" "234" "212.00" "46" "0.00" "0" "54463000" "233.00" "191.00"
"4729" "熒茂" "16.35" "0.00" "16.30" "16.40" "16.15" "17000" "276000" "14" "16.35" "3" "16.40" "1" "77726741" "17.95" "14.75"
"4735" "豪展" "37.55" "+0.15" "37.30" "37.70" "37.30" "22000" "822500" "15" "37.40" "4" "37.50" "1" "36768758" "41.30" "33.80"
"4736" "泰博" "154.50" "0.00" "154.00" "154.50" "153.50" "76000" "11693500" "71" "154.00" "6" "154.50" "11" "95374469" "169.50" "139.50"
"4741" "泓瀚" "38.50" "+0.25" "38.25" "38.90" "38.25" "27000" "1039900" "20" "38.30" "4" "38.45" "1" "32841584" "42.35" "34.65"
"4743" "合一" "185.00" "-1.00" "187.00" "189.00" "185.00" "1146000" "213676500" "848" "185.00" "21" "185.50" "21" "453116878" "203.50" "166.50"
"4744" "皇將" "31.20" "+0.40" "30.80" "31.30" "30.70" "190000" "5915050" "132" "31.15" "6" "31.25" "1" "54972659" "34.30" "28.10"
"4745" "合富-KY" "25.30" "+0.05" "25.05" "25.30" "25.05" "5000" "125750" "5" "25.15" "1" "25.30" "5" "77449547" "27.80" "22.80"
"4747" "強生" "98.60" "-0.10" "98.70" "98.80" "98.10" "129000" "12696000" "104" "98.60" "1" "98.70" "4" "40018750" "108.00" "88.80"
"4754" "國碳科" "41.95" "-0.25" "41.65" "42.30" "41.65" "17000" "713900" "15" "41.95" "4" "42.30" "3" "30283215" "46.10" "37.80"
"4760" "勤凱" "78.20" "-0.80" "78.60" "79.40" "77.70" "101000" "7912800" "67" "78.10" "4" "78.20" "5" "31880726" "86.00" "70.40"
"4767" "誠泰科技" "28.20" "-0.30" "28.25" "28.25" "28.20" "3000" "84650" "3" "28.05" "1" "28.35" "1" "31415000" "31.00" "25.40"
"4768" "晶呈科技" "189.50" "+2.00" "189.00" "192.00" "185.00" "815000" "154220000" "665" "189.50" "3" "190.00" "1" "38772989" "208.00" "171.00"
"4804" "大略-KY" "4.68" "+0.01" "4.60" "4.72" "4.60" "23000" "107080" "15" "4.62" "1" "4.67" "5" "45347920" "5.14" "4.22"
"4903" "聯光通" "14.90" "-0.10" "15.00" "15.00" "14.65" "87000" "1284400" "51" "14.75" "1" "14.90" "2" "104051536" "16.35" "13.45"
"4905" "台聯電" "----" "---" "----" "----" "----" "0" "0" "0" "68.60" "6" "71.80" "1" "29260044" "75.40" "61.80"
"4907" "富宇" "40.10" "-0.15" "40.25" "40.25" "40.05" "15000" "601700" "11" "40.00" "2" "40.10" "1" "118145778" "44.10" "36.10"
"4908" "前鼎" "72.80" "+2.80" "69.90" "76.80" "69.80" "24098000" "1777356000" "14408" "72.80" "1" "72.90" "2" "78216907" "80.00" "65.60"
"4909" "新復興" "26.00" "+0.25" "25.75" "27.25" "25.40" "4087000" "108674650" "1917" "26.00" "18" "26.10" "6" "93356864" "28.60" "23.40"
"4911" "德英" "62.40" "-0.10" "62.30" "62.70" "62.30" "19000" "1186600" "14" "62.30" "1" "62.60" "1" "55660000" "68.60" "56.20"
"4923" "力士" "45.20" "0.00" "45.10" "45.30" "44.75" "57000" "2566350" "43" "44.85" "3" "45.20" "2" "33890800" "49.70" "40.70"
"4924" "欣厚-KY" "11.80" "-0.05" "11.85" "11.90" "11.50" "69000" "802500" "47" "11.60" "3" "11.65" "1" "37164409" "12.95" "10.65"
"4931" "新盛力" "33.50" "+0.15" "33.10" "33.75" "33.05" "223000" "7471350" "124" "33.50" "4" "33.55" "3" "64490761" "36.85" "30.15"
"4933" "友輝" "49.55" "+0.70" "48.85" "50.00" "48.45" "623000" "30813050" "410" "49.50" "2" "49.55" "3" "80348675" "54.50" "44.60"
"4939" "亞電" "16.65" "-0.05" "16.60" "16.75" "16.60" "46000" "765300" "20" "16.60" "17" "16.70" "25" "98200868" "18.30" "15.00"
"4944" "兆遠" "14.35" "+1.30" "12.70" "14.35" "12.70" "1901000" "26084450" "753" "14.35" "371" "0.00" "0" "43900223" "15.75" "12.95"
"4945" "陞達科技" "82.30" "-3.70" "83.40" "85.20" "82.20" "654000" "54382600" "523" "82.30" "7" "82.60" "5" "30021800" "90.50" "74.10"
"4946" "辣椒" "32.30" "+1.80" "33.55" "33.55" "31.00" "525000" "17145100" "332" "32.30" "2" "32.50" "1" "16752450" "35.50" "29.10"
"4950" "牧東" "12.00" "0.00" "12.35" "12.75" "11.70" "180000" "2169450" "98" "12.00" "1" "12.45" "15" "46759750" "13.20" "10.80"
"4951" "精拓科" "66.40" "-0.10" "67.50" "67.50" "65.60" "56000" "3724100" "49" "66.10" "1" "66.40" "3" "34148713" "73.00" "59.80"
"4953" "緯軟" "120.00" "-2.00" "120.50" "123.00" "119.50" "980000" "118365500" "749" "120.00" "10" "120.50" "18" "72652301" "132.00" "108.00"
"4966" "譜瑞-KY" "1080.00" "-15.00" "1095.00" "1110.00" "1070.00" "1317000" "1431345000" "1204" "1075.00" "7" "1080.00" "4" "81174738" "1185.00" "972.00"
"4971" "IET-KY" "59.10" "-0.50" "59.60" "59.80" "58.70" "105000" "6204500" "43" "58.80" "1" "59.30" "2" "36785743" "65.00" "53.20"
"4972" "湯石照明" "28.30" "+0.10" "28.15" "28.30" "28.15" "5000" "141250" "3" "28.30" "3" "28.35" "1" "39495553" "31.10" "25.50"
"4973" "廣穎" "30.95" "+0.20" "30.65" "31.20" "30.50" "699000" "21607050" "398" "30.95" "2" "31.00" "17" "63505833" "34.00" "27.90"
"4974" "亞泰" "68.00" "-0.10" "68.00" "68.50" "67.70" "81000" "5502400" "67" "68.00" "1" "68.10" "2" "72500104" "74.80" "61.20"
"4979" "華星光" "142.00" "-15.50" "146.00" "152.00" "142.00" "35675000" "5189459500" "17600" "0.00" "0" "142.00" "302" "132339794" "156.00" "128.00"
"4987" "科誠" "58.40" "-0.10" "58.70" "58.70" "57.60" "7000" "407900" "6" "57.90" "1" "58.40" "1" "31878000" "64.20" "52.60"
"4991" "環宇-KY" "31.80" "+0.30" "31.40" "32.60" "31.40" "30000" "952650" "20" "31.60" "1" "31.75" "1" "111283234" "34.95" "28.65"
"4995" "晶達" "44.85" "+0.05" "44.80" "45.05" "44.80" "26000" "1166200" "18" "44.80" "6" "44.90" "1" "42048036" "49.30" "40.40"
"5009" "榮剛" "46.30" "-0.10" "46.30" "46.95" "46.25" "6167000" "287706750" "3031" "46.30" "123" "46.35" "2" "527281901" "50.90" "41.70"
"5011" "久陽" "20.70" "+0.30" "20.30" "20.75" "20.30" "112000" "2308850" "83" "20.65" "4" "20.70" "1" "100058738" "22.75" "18.65"
"5013" "強新" "----" "---" "----" "----" "----" "0" "0" "0" "33.75" "2" "33.95" "1" "133416000" "37.30" "30.60"
"5014" "建錩" "13.95" "+0.20" "13.70" "14.00" "13.70" "172000" "2395300" "110" "13.90" "8" "13.95" "11" "185333054" "15.30" "12.60"
"5015" "華祺" "44.00" "+0.15" "43.60" "44.15" "43.60" "70000" "3074950" "49" "44.00" "4" "44.05" "2" "60639189" "48.40" "39.60"
"5016" "松和" "28.80" "+0.35" "28.75" "28.85" "28.40" "25000" "714500" "13" "28.40" "1" "28.60" "1" "49622076" "31.65" "25.95"
"5201" "凱衛" "31.80" "0.00" "31.90" "32.15" "31.50" "42000" "1333550" "28" "31.55" "1" "31.80" "1" "30674600" "34.95" "28.65"
"5202" "力新" "15.15" "-0.05" "15.20" "15.25" "15.15" "10000" "152000" "9" "15.15" "6" "15.20" "1" "89094000" "16.65" "13.65"
"5205" "中茂" "28.05" "-0.90" "28.05" "28.05" "28.05" "1000" "28050" "1" "29.35" "1" "29.80" "1" "10250000" "30.85" "25.25"
"5206" "坤悅" "23.50" "-0.15" "23.80" "23.95" "23.30" "207000" "4853500" "119" "23.50" "6" "23.55" "2" "155925000" "25.85" "21.15"
"5209" "新鼎" "178.00" "+1.00" "176.50" "179.00" "176.50" "98000" "17471500" "87" "177.50" "1" "178.00" "3" "28107000" "195.50" "160.50"
"5210" "寶碩" "24.25" "+0.40" "24.10" "24.45" "23.85" "1089000" "26429550" "487" "24.20" "48" "24.30" "14" "62177779" "26.65" "21.85"
"5211" "蒙恬" "24.20" "+0.20" "24.00" "24.40" "24.00" "51000" "1231400" "44" "24.05" "5" "24.20" "4" "32024727" "26.60" "21.80"
"5212" "凌網" "45.60" "+0.45" "45.60" "45.60" "45.60" "1000" "45600" "1" "45.45" "1" "45.70" "1" "34633000" "50.10" "41.05"
"5213" "亞昕" "26.60" "+0.05" "26.60" "26.70" "26.40" "279000" "7412500" "134" "26.55" "8" "26.60" "4" "476520406" "29.25" "23.95"
"5220" "萬達光電" "27.95" "-0.10" "27.90" "28.05" "27.90" "20000" "559400" "13" "27.95" "3" "28.00" "1" "39667000" "30.70" "25.20"
"5223" "安力-KY" "38.50" "-0.20" "38.50" "38.90" "38.40" "29000" "1122350" "20" "38.40" "1" "38.55" "1" "44549781" "42.35" "34.65"
"5227" "立凱-KY" "56.90" "+0.40" "56.10" "57.90" "56.00" "511000" "29118900" "407" "56.90" "5" "57.00" "1" "83000000" "62.50" "51.30"
"5228" "鈺鎧" "22.20" "0.00" "22.25" "22.30" "22.20" "4000" "89000" "4" "22.20" "6" "22.35" "1" "38056253" "24.40" "20.00"
"5230" "雷笛克光學" "21.60" "0.00" "21.65" "21.65" "21.40" "63000" "1354300" "31" "21.45" "1" "21.50" "3" "46955824" "23.75" "19.45"
"5236" "凌陽創新" "141.50" "-1.50" "142.00" "144.00" "140.00" "342000" "48563000" "273" "141.50" "1" "142.00" "3" "58498594" "155.50" "127.50"
"5245" "智晶" "41.10" "+1.15" "39.80" "41.40" "39.50" "541000" "21558300" "71" "41.10" "1" "41.35" "1" "44990000" "45.20" "37.00"
"5251" "天鉞電" "18.25" "0.00" "18.35" "18.35" "18.25" "9000" "164400" "9" "18.20" "2" "18.30" "4" "35677377" "20.05" "16.45"
"5263" "智崴" "121.50" "-2.50" "123.00" "124.00" "119.00" "396000" "48339500" "276" "121.50" "8" "122.00" "8" "64706279" "133.50" "109.50"
"5272" "笙科" "28.25" "+0.55" "27.50" "28.50" "27.50" "343000" "9687300" "201" "28.25" "1" "28.30" "24" "55276118" "31.05" "25.45"
"5274" "信驊" "2690.00" "-125.00" "2760.00" "2805.00" "2690.00" "307000" "840065000" "296" "2685.00" "11" "2700.00" "1" "37820679" "2955.00" "2425.00"
"5276" "達輝-KY" "14.35" "+1.30" "13.45" "14.35" "13.40" "54000" "762700" "43" "14.35" "78" "0.00" "0" "39500000" "15.75" "12.95"
"5278" "尚凡" "184.00" "0.00" "184.00" "184.00" "184.00" "2000" "368000" "2" "183.00" "1" "184.00" "3" "22248586" "202.00" "166.00"
"5281" "大峽谷-KY" "16.10" "-0.10" "16.10" "16.10" "16.10" "1000" "16100" "1" "16.05" "1" "16.20" "1" "37010000" "17.70" "14.50"
"5287" "數字" "202.50" "-0.50" "203.00" "204.00" "202.50" "22000" "4469000" "22" "202.50" "4" "203.00" "2" "55874225" "222.50" "182.50"
"5289" "宜鼎" "312.00" "+3.00" "304.50" "316.50" "300.00" "2024000" "626283000" "1752" "312.00" "4" "312.50" "4" "88397642" "343.00" "281.00"
"5291" "邑昇" "27.40" "-0.15" "27.55" "27.95" "27.30" "75000" "2063400" "49" "27.40" "5" "27.50" "1" "40925606" "30.10" "24.70"
"5299" "杰力" "128.50" "+2.00" "126.50" "129.00" "126.50" "216000" "27736500" "154" "128.00" "15" "128.50" "10" "50888981" "141.00" "116.00"
"5301" "寶得利" "13.55" "0.00" "13.55" "13.85" "13.55" "107000" "1463450" "59" "13.55" "15" "13.60" "2" "134552571" "14.90" "12.20"
"5302" "太欣" "10.20" "-0.20" "10.40" "10.45" "10.15" "154000" "1587300" "79" "10.20" "3" "10.30" "25" "159888349" "11.20" "9.18"
"5309" "系統電" "36.25" "+0.05" "36.15" "36.70" "36.05" "1064000" "38797300" "516" "36.25" "12" "36.30" "2" "182772922" "39.85" "32.65"
"5310" "天剛" "24.10" "-0.05" "24.05" "24.15" "24.05" "40000" "964800" "11" "24.10" "1" "24.15" "8" "28943517" "26.50" "21.70"
"5312" "寶島科" "80.70" "-0.90" "81.30" "81.50" "80.70" "57000" "4617700" "51" "80.60" "11" "80.70" "2" "60059898" "88.70" "72.70"
"5314" "世紀" "38.60" "0.00" "34.90" "38.60" "34.90" "27000" "983000" "17" "37.10" "3" "38.60" "4" "14700000" "42.45" "34.75"
"5315" "光聯" "19.00" "+0.05" "18.85" "19.15" "18.85" "130000" "2470200" "57" "18.90" "30" "19.00" "18" "106351832" "20.90" "17.10"
"5321" "美而快" "116.50" "+2.50" "117.00" "118.00" "114.50" "3137000" "365639000" "2078" "116.00" "24" "116.50" "3" "49469584" "128.00" "105.00"
"5324" "士開" "9.49" "+0.03" "9.45" "9.57" "9.43" "42000" "399410" "29" "9.49" "1" "9.54" "4" "226379090" "10.40" "8.55"
"5328" "華容" "15.10" "+0.05" "15.05" "15.45" "15.00" "949000" "14422250" "431" "15.05" "39" "15.10" "3" "172710724" "16.60" "13.60"
"5340" "建榮" "67.20" "-1.60" "67.20" "69.40" "66.80" "1294000" "87689700" "716" "67.20" "4" "67.50" "15" "194893964" "73.90" "60.50"
"5344" "立衛" "17.65" "-0.50" "17.90" "18.00" "17.65" "91000" "1622050" "53" "17.65" "3" "17.85" "3" "79447460" "19.40" "15.90"
"5347" "世界" "71.20" "-0.80" "71.50" "71.80" "71.00" "2835000" "202387600" "1719" "71.20" "34" "71.30" "63" "1638982267" "78.30" "64.10"
"5348" "系通" "18.40" "-0.55" "18.10" "18.70" "18.00" "170000" "3102850" "114" "18.25" "2" "18.40" "3" "28950310" "20.20" "16.60"
"5351" "鈺創" "43.15" "-0.80" "43.20" "44.05" "43.15" "2061000" "89842900" "1278" "43.15" "47" "43.20" "2" "288740781" "47.45" "38.85"
"5353" "台林" "39.05" "+0.30" "38.35" "39.80" "38.35" "469000" "18392800" "309" "39.05" "3" "39.15" "1" "75000000" "42.95" "35.15"
"5355" "佳總" "7.43" "+0.04" "7.40" "7.44" "7.39" "95000" "703430" "32" "7.39" "33" "7.43" "3" "166122792" "8.17" "6.69"
"5356" "協益" "29.10" "+0.20" "28.60" "29.10" "28.60" "77000" "2234650" "52" "29.10" "5" "29.15" "1" "103040000" "32.00" "26.20"
"5364" "力麗店" "----" "---" "----" "----" "----" "0" "0" "0" "27.00" "1" "27.40" "3" "28849940" "30.10" "24.70"
"5371" "中光電" "84.20" "+3.90" "80.80" "85.30" "80.70" "9927000" "831936400" "6337" "84.10" "49" "84.20" "38" "390981110" "92.60" "75.80"
"5381" "合正" "26.60" "+0.90" "25.70" "27.20" "25.30" "3661000" "97329050" "2090" "26.60" "9" "26.65" "7" "210156837" "29.25" "23.95"
"5383" "金利" "30.20" "-0.10" "30.70" "30.70" "30.15" "11000" "332450" "11" "30.20" "3" "30.35" "1" "79400399" "33.20" "27.20"
"5386" "青雲" "52.10" "+0.30" "51.80" "54.30" "51.30" "998000" "53234200" "725" "52.10" "12" "52.20" "1" "28634219" "57.30" "46.90"
"5392" "能率" "24.95" "-0.30" "25.20" "25.30" "24.90" "294000" "7374950" "168" "24.95" "3" "25.15" "2" "168958990" "27.40" "22.50"
"5398" "慕康生醫" "12.85" "0.00" "12.85" "12.85" "12.85" "2000" "25700" "1" "12.80" "3" "12.85" "1" "49465460" "14.10" "11.60"
"5403" "中菲" "103.00" "0.00" "103.00" "104.00" "103.00" "50000" "5166000" "45" "103.00" "24" "103.50" "1" "74308998" "113.00" "92.70"
"5410" "國眾" "32.95" "-0.05" "33.25" "33.40" "32.90" "126000" "4173550" "95" "32.95" "5" "33.00" "34" "89107123" "36.20" "29.70"
"5425" "台半" "86.70" "+0.30" "86.00" "87.50" "85.50" "1833000" "159519600" "1296" "86.70" "9" "86.80" "7" "263485486" "95.30" "78.10"
"5426" "振發" "13.35" "+0.10" "13.10" "13.40" "13.05" "752000" "9979400" "304" "13.30" "13" "13.35" "7" "143800000" "14.65" "12.05"
"5432" "新門" "55.00" "-0.60" "54.00" "57.20" "54.00" "217000" "12106400" "189" "55.00" "1" "55.90" "2" "20687804" "60.50" "49.50"
"5438" "東友" "17.10" "-0.25" "17.10" "17.10" "17.05" "7000" "119600" "4" "17.05" "10" "17.15" "1" "112536565" "18.80" "15.40"
"5439" "高技" "87.50" "-2.60" "89.70" "89.90" "87.50" "1074000" "94908800" "845" "87.50" "17" "87.60" "16" "92975752" "96.20" "78.80"
"5443" "均豪" "31.15" "-0.30" "31.25" "31.55" "31.05" "368000" "11503850" "270" "31.15" "4" "31.35" "1" "165136144" "34.25" "28.05"
"5450" "南良" "17.70" "-0.35" "18.05" "18.05" "17.60" "93000" "1653850" "61" "17.70" "1" "17.80" "1" "122392250" "19.45" "15.95"
"5452" "佶優" "21.55" "-0.45" "21.80" "21.95" "21.55" "493000" "10691600" "307" "21.50" "47" "21.60" "10" "148763669" "23.70" "19.40"
"5455" "昇益" "----" "---" "----" "----" "----" "0" "0" "0" "28.75" "2" "29.95" "1" "65501813" "31.90" "26.10"
"5457" "宣德" "55.60" "+0.30" "55.30" "56.30" "55.00" "1007000" "56289600" "668" "55.60" "12" "55.80" "3" "171023900" "61.10" "50.10"
"5460" "同協" "13.05" "+0.20" "12.85" "13.05" "12.75" "75000" "966200" "43" "13.00" "1" "13.05" "12" "58778130" "14.35" "11.75"
"5464" "霖宏" "27.55" "+0.15" "27.15" "27.80" "27.15" "72000" "1973850" "43" "27.55" "4" "27.65" "5" "71071490" "30.30" "24.80"
"5465" "富驊" "43.70" "-0.70" "43.30" "45.35" "43.30" "1189000" "52597700" "771" "43.70" "10" "43.85" "4" "147682629" "48.05" "39.35"
"5468" "凱鈺" "16.75" "-0.20" "17.15" "17.15" "16.75" "14000" "236250" "12" "16.65" "2" "16.95" "1" "35822909" "18.40" "15.10"
"5474" "聰泰" "131.50" "+2.00" "127.00" "138.00" "126.50" "1391000" "183589000" "1165" "131.00" "14" "131.50" "6" "40355944" "144.50" "118.50"
"5475" "德宏" "12.25" "+0.05" "12.30" "12.30" "12.10" "112000" "1365000" "67" "12.20" "1" "12.25" "4" "127127017" "13.45" "11.05"
"5478" "智冠" "97.20" "-0.60" "97.20" "97.90" "97.20" "43000" "4187000" "39" "97.20" "1" "97.30" "1" "127474332" "106.50" "87.50"
"5481" "新華" "12.80" "-0.10" "12.95" "12.95" "12.75" "82000" "1052800" "34" "12.80" "29" "12.85" "1" "71402891" "14.05" "11.55"
"5483" "中美晶" "165.00" "-1.50" "164.50" "166.50" "164.50" "2333000" "385787500" "1464" "165.00" "65" "165.50" "82" "586221651" "181.50" "148.50"
"5487" "通泰" "26.35" "+0.30" "26.05" "26.35" "26.05" "6000" "157400" "5" "26.10" "1" "26.25" "1" "24184516" "28.95" "23.75"
"5488" "松普" "12.95" "-0.15" "12.85" "13.25" "12.85" "587000" "7649450" "274" "12.95" "11" "13.00" "5" "91586124" "14.20" "11.70"
"5489" "彩富" "36.95" "-0.05" "37.00" "37.30" "36.70" "8000" "296350" "7" "36.65" "2" "37.15" "3" "102706441" "40.60" "33.30"
"5490" "同亨" "22.20" "+0.25" "21.95" "22.20" "21.90" "13000" "285800" "13" "21.90" "5" "22.20" "1" "96156201" "24.40" "20.00"
"5493" "三聯" "48.55" "-0.25" "48.80" "48.80" "48.50" "51000" "2486650" "9" "48.65" "1" "48.75" "47" "41608815" "53.40" "43.70"
"5498" "凱崴" "11.20" "-0.05" "11.20" "11.25" "11.15" "179000" "2003450" "84" "11.20" "15" "11.25" "15" "192313545" "12.30" "10.10"
"5508" "永信建" "73.80" "+0.30" "73.20" "74.30" "73.20" "50000" "3688600" "38" "73.70" "13" "73.90" "1" "217428133" "81.10" "66.50"
"5511" "德昌" "72.50" "+0.40" "71.20" "73.30" "71.00" "433000" "31293600" "297" "72.40" "1" "72.50" "2" "113440000" "79.70" "65.30"
"5512" "力麒" "9.37" "+0.01" "9.36" "9.38" "9.32" "669000" "6252170" "209" "9.37" "12" "9.38" "42" "743992712" "10.30" "8.44"
"5514" "三豐" "----" "---" "----" "----" "----" "0" "0" "0" "19.80" "3" "20.00" "2" "216225530" "21.85" "17.95"
"5516" "雙喜" "29.60" "+0.05" "29.55" "29.75" "29.55" "39000" "1155850" "26" "29.60" "1" "29.65" "1" "50043906" "32.55" "26.65"
"5520" "力泰" "62.30" "-0.40" "62.50" "62.50" "62.30" "5000" "312100" "5" "62.30" "2" "62.80" "1" "59975245" "68.50" "56.10"
"5523" "豐謙" "24.80" "0.00" "24.65" "24.80" "24.65" "51000" "1261850" "28" "24.70" "1" "24.80" "13" "155001464" "27.25" "22.35"
"5530" "龍巖" "36.95" "+0.20" "36.60" "37.15" "36.60" "253000" "9344300" "142" "36.85" "5" "36.95" "2" "420084199" "40.60" "33.30"
"5536" "聖暉*" "156.00" "-2.00" "155.00" "157.00" "155.00" "168000" "26223000" "143" "155.50" "6" "156.00" "5" "123177757" "171.50" "140.50"
"5543" "桓鼎-KY" "47.20" "0.00" "47.20" "47.20" "47.20" "1000" "47200" "1" "46.40" "1" "47.20" "1" "39304459" "51.90" "42.50"
"5601" "台聯櫃" "35.00" "+0.10" "34.85" "35.00" "34.75" "6000" "209500" "5" "34.20" "2" "34.60" "1" "64800000" "38.50" "31.50"
"5603" "陸海" "20.45" "0.00" "20.30" "20.45" "20.10" "154000" "3129350" "81" "20.35" "5" "20.45" "16" "104876607" "22.45" "18.45"
"5604" "中連" "45.75" "-0.40" "45.70" "45.80" "45.70" "14000" "640000" "12" "45.70" "10" "45.80" "1" "108782968" "50.30" "41.20"
"5609" "中菲行" "81.70" "+0.90" "80.80" "81.80" "80.70" "261000" "21214000" "200" "81.60" "3" "81.70" "4" "142884000" "89.80" "73.60"
"5701" "劍湖山" "6.91" "-0.17" "7.00" "7.00" "6.81" "34000" "236620" "16" "6.84" "1" "6.92" "5" "143000000" "7.60" "6.22"
"5703" "亞都" "23.20" "-0.20" "23.30" "23.45" "23.05" "51000" "1185950" "50" "23.15" "3" "23.35" "1" "70239594" "25.50" "20.90"
"5704" "老爺知" "48.05" "-0.50" "47.75" "48.55" "47.75" "52000" "2501300" "45" "48.05" "1" "48.20" "1" "38861658" "52.80" "43.25"
"5864" "致和證" "19.30" "-0.60" "19.60" "19.75" "19.30" "477000" "9285550" "316" "19.30" "50" "19.35" "4" "272181122" "21.20" "17.40"
"5878" "台名" "48.40" "-0.20" "48.40" "48.40" "48.35" "10000" "483950" "5" "48.35" "1" "48.60" "1" "25024303" "53.20" "43.60"
"5902" "德記" "35.60" "-0.70" "36.85" "36.85" "35.00" "92000" "3255950" "84" "35.50" "3" "35.65" "1" "94500000" "39.15" "32.05"
"5903" "全家" "198.50" "-4.00" "201.50" "202.50" "198.50" "71000" "14200500" "67" "198.50" "3" "199.50" "1" "223220000" "218.00" "179.00"
"5904" "寶雅" "492.00" "-6.00" "499.00" "499.00" "489.00" "42000" "20696000" "40" "491.00" "1" "492.00" "1" "103492971" "541.00" "443.00"
"5905" "南仁湖" "12.90" "+0.10" "12.85" "12.95" "12.80" "308000" "3964250" "130" "12.85" "32" "12.90" "32" "249824637" "14.15" "11.65"
"6015" "宏遠證" "11.00" "+0.10" "10.90" "11.00" "10.90" "207000" "2265150" "96" "10.95" "14" "11.00" "25" "351251595" "12.10" "9.90"
"6016" "康和證" "13.85" "-0.05" "13.85" "13.90" "13.80" "631000" "8737400" "188" "13.85" "43" "13.90" "67" "594454986" "15.20" "12.50"
"6020" "大展證" "18.60" "-0.20" "18.70" "18.75" "18.60" "8000" "149150" "3" "18.60" "8" "18.80" "2" "252353154" "20.45" "16.75"
"6021" "美好證" "14.45" "-0.20" "14.65" "14.70" "14.45" "20000" "290050" "10" "14.45" "1" "14.70" "1" "310965974" "15.85" "13.05"
"6023" "元大期" "59.00" "0.00" "58.70" "59.00" "58.70" "70000" "4117000" "35" "58.70" "2" "59.00" "1" "289976288" "64.90" "53.10"
"6026" "福邦證" "12.00" "-0.15" "12.00" "12.15" "11.95" "521000" "6254750" "230" "11.95" "10" "12.00" "41" "396161841" "13.20" "10.80"
"6101" "寬魚國際" "37.40" "+0.10" "37.75" "37.75" "36.90" "101000" "3767600" "76" "37.35" "1" "37.40" "1" "116422371" "41.10" "33.70"
"6103" "合邦" "35.10" "-3.90" "35.10" "35.10" "35.10" "9000" "315900" "9" "0.00" "0" "35.10" "2" "13604891" "38.60" "31.60"
"6104" "創惟" "118.50" "+0.50" "117.00" "120.00" "116.50" "2234000" "264716500" "1484" "118.50" "21" "119.00" "110" "90279184" "130.00" "107.00"
"6109" "亞元" "14.90" "-0.10" "14.95" "15.10" "14.90" "133000" "1991350" "80" "14.90" "12" "14.95" "5" "67539414" "16.35" "13.45"
"6111" "大宇資" "67.00" "-0.40" "67.40" "68.00" "66.80" "445000" "29950800" "285" "67.00" "4" "67.10" "1" "103883551" "73.70" "60.30"
"6113" "亞矽" "14.15" "+0.05" "14.10" "14.30" "14.10" "112000" "1589400" "79" "14.10" "11" "14.15" "1" "50047100" "15.55" "12.75"
"6114" "久威" "31.50" "-0.20" "31.25" "32.20" "31.25" "79000" "2501450" "61" "31.50" "2" "31.60" "1" "43911937" "34.65" "28.35"
"6118" "建達" "28.25" "-0.15" "27.90" "28.75" "27.90" "123000" "3482450" "103" "28.20" "12" "28.25" "2" "90889573" "31.05" "25.45"
"6121" "新普" "339.50" "-3.50" "338.00" "347.00" "338.00" "1165000" "398603000" "811" "339.50" "2" "340.50" "2" "184970519" "373.00" "306.00"
"6122" "擎邦" "52.40" "-0.10" "52.90" "53.20" "51.90" "1146000" "60049800" "702" "52.40" "1" "52.50" "32" "74372983" "57.60" "47.20"
"6123" "上奇" "68.20" "+0.40" "67.80" "68.50" "67.80" "40000" "2726900" "31" "68.10" "1" "68.20" "1" "62089430" "75.00" "61.40"
"6124" "業強" "31.30" "-0.20" "31.20" "31.85" "30.90" "59000" "1855800" "44" "31.25" "2" "31.30" "5" "182479945" "34.40" "28.20"
"6125" "廣運" "61.80" "-1.60" "62.50" "62.70" "61.70" "3571000" "221751900" "2324" "61.80" "22" "61.90" "15" "249011150" "67.90" "55.70"
"6126" "信音" "30.40" "+0.05" "30.25" "30.75" "30.15" "436000" "13269750" "217" "30.40" "18" "30.50" "4" "117265587" "33.40" "27.40"
"6127" "九豪" "23.90" "-0.15" "24.05" "24.25" "23.80" "531000" "12801300" "265" "23.90" "14" "23.95" "5" "108079751" "26.25" "21.55"
"6129" "普誠" "30.70" "+0.40" "30.20" "30.85" "29.70" "1046000" "31997200" "606" "30.65" "28" "30.70" "7" "180943675" "33.75" "27.65"
"6130" "上亞科技" "33.50" "-0.95" "33.80" "33.90" "33.50" "30000" "1011050" "25" "33.30" "2" "33.60" "1" "44300000" "36.85" "30.15"
"6134" "萬旭" "20.40" "+0.10" "20.40" "20.50" "20.25" "37000" "754650" "28" "20.35" "3" "20.40" "1" "72584549" "22.40" "18.40"
"6138" "茂達" "152.50" "-2.00" "154.00" "156.00" "152.00" "1137000" "174825000" "904" "152.50" "51" "153.50" "4" "74067500" "167.50" "137.50"
"6140" "訊達" "19.15" "0.00" "19.15" "19.40" "19.00" "60000" "1147600" "36" "19.10" "1" "19.15" "2" "46425166" "21.05" "17.25"
"6143" "振曜" "74.00" "+0.30" "73.50" "74.70" "73.50" "268000" "19858500" "187" "74.00" "10" "74.20" "2" "87506897" "81.40" "66.60"
"6144" "得利影" "13.60" "0.00" "13.25" "13.60" "13.25" "10000" "135000" "7" "13.35" "1" "14.25" "1" "38273701" "14.95" "12.25"
"6146" "耕興" "252.50" "+6.50" "246.00" "253.00" "243.50" "341000" "84838000" "288" "252.00" "3" "252.50" "7" "101867199" "277.50" "227.50"
"6147" "頎邦" "71.30" "0.00" "71.30" "72.00" "71.30" "3858000" "276712800" "2148" "71.30" "84" "71.40" "13" "738675539" "78.40" "64.20"
"6148" "驊宏資" "31.05" "-0.05" "31.10" "31.65" "30.90" "164000" "5122400" "129" "31.05" "4" "31.10" "1" "46603757" "34.15" "27.95"
"6150" "撼訊" "86.10" "+7.70" "79.00" "86.10" "78.50" "5026000" "419348200" "3942" "86.00" "15" "86.10" "47" "48345985" "94.70" "77.50"
"6151" "晉倫" "26.70" "0.00" "26.70" "26.75" "26.55" "20000" "533750" "16" "26.65" "1" "26.75" "3" "55257300" "29.35" "24.05"
"6154" "順發" "16.00" "0.00" "16.00" "16.00" "16.00" "14000" "224000" "7" "16.00" "3" "16.05" "1" "80080000" "17.60" "14.40"
"6156" "松上" "20.75" "0.00" "20.75" "20.95" "20.55" "231000" "4796650" "134" "20.75" "6" "20.80" "2" "78027609" "22.80" "18.70"
"6158" "禾昌" "36.15" "+0.35" "33.85" "36.15" "33.85" "505000" "17881350" "340" "36.15" "6" "36.20" "13" "55030788" "39.75" "32.55"
"6160" "欣技" "26.00" "-0.10" "26.00" "26.20" "25.85" "112000" "2922050" "91" "26.00" "1" "26.10" "2" "68489120" "28.60" "23.40"
"6161" "捷波" "39.35" "-0.40" "39.55" "39.70" "39.30" "242000" "9540450" "144" "39.35" "3" "39.40" "5" "74983303" "43.25" "35.45"
"6163" "華電網" "17.25" "+0.05" "17.20" "17.30" "17.20" "155000" "2675350" "81" "17.25" "3" "17.30" "12" "140489143" "18.95" "15.55"
"6167" "久正" "16.45" "-0.10" "16.50" "16.70" "16.40" "657000" "10852200" "346" "16.45" "38" "16.50" "4" "162173221" "18.05" "14.85"
"6169" "昱泉" "22.20" "-0.25" "22.30" "22.60" "21.75" "230000" "5095200" "128" "22.00" "2" "22.20" "1" "23394960" "24.40" "20.00"
"6170" "統振" "56.70" "-0.40" "57.10" "58.10" "56.50" "866000" "49510400" "595" "56.70" "27" "56.80" "3" "89670038" "62.30" "51.10"
"6171" "大城地產" "21.15" "-0.10" "21.30" "21.30" "21.00" "66000" "1393550" "27" "21.15" "1" "21.25" "3" "100000000" "23.25" "19.05"
"6173" "信昌電" "50.10" "+0.95" "49.15" "50.50" "49.05" "871000" "43445150" "618" "50.10" "2" "50.20" "11" "172000000" "55.10" "45.10"
"6174" "安碁" "22.95" "+0.05" "22.90" "23.40" "22.80" "29000" "666050" "24" "22.90" "1" "22.95" "1" "50000000" "25.20" "20.70"
"6175" "立敦" "38.20" "+0.35" "37.85" "38.30" "37.70" "234000" "8902950" "150" "38.15" "4" "38.20" "1" "143219606" "42.00" "34.40"
"6179" "亞通" "30.60" "+0.45" "30.15" "31.20" "30.10" "997000" "30800200" "616" "30.60" "8" "30.65" "13" "109704197" "33.65" "27.55"
"6180" "橘子" "67.00" "+0.40" "66.60" "67.30" "66.50" "152000" "10165200" "114" "66.90" "9" "67.00" "4" "175493573" "73.70" "60.30"
"6182" "合晶" "46.70" "+0.20" "46.50" "47.30" "46.45" "6930000" "325215800" "3601" "46.70" "69" "46.75" "6" "541883730" "51.30" "42.05"
"6185" "幃翔" "16.85" "-0.10" "16.85" "17.15" "16.85" "128000" "2171950" "94" "16.85" "83" "16.90" "3" "149867531" "18.50" "15.20"
"6186" "新潤" "52.40" "-0.40" "52.00" "52.60" "51.90" "251000" "13114400" "166" "52.40" "7" "52.50" "13" "149986129" "57.60" "47.20"
"6187" "萬潤" "99.30" "-1.20" "99.60" "100.50" "98.50" "602000" "59945800" "437" "99.20" "1" "99.30" "3" "83323902" "109.00" "89.40"
"6188" "廣明" "82.40" "-2.50" "83.50" "83.80" "82.00" "3528000" "291927800" "2287" "82.40" "45" "82.50" "40" "278358910" "90.60" "74.20"
"6190" "萬泰科" "34.60" "+0.80" "33.30" "35.10" "33.30" "4533000" "157613500" "2315" "34.55" "45" "34.60" "12" "161791158" "38.05" "31.15"
"6194" "育富" "32.85" "-0.50" "33.30" "33.40" "32.85" "177000" "5844050" "118" "32.85" "14" "32.90" "1" "48000000" "36.10" "29.60"
"6195" "詩肯" "42.05" "-0.05" "42.10" "42.15" "42.05" "21000" "884050" "18" "42.05" "1" "42.30" "1" "50192942" "46.25" "37.85"
"6198" "瑞築" "33.85" "-0.50" "34.35" "34.40" "33.80" "43000" "1464450" "30" "33.85" "2" "34.20" "13" "22635350" "37.20" "30.50"
"6199" "天品" "17.95" "-0.15" "18.05" "18.05" "17.90" "22000" "395350" "9" "17.95" "1" "18.05" "6" "61760018" "19.70" "16.20"
"006201" "元大富櫃50" "19.05" "-0.02" "19.07" "19.07" "18.97" "67000" "1274850" "13" "18.98" "1" "19.00" "1" "17946000" "20.95" "17.15"
"6203" "海韻電" "97.10" "-0.20" "96.60" "98.20" "96.50" "371000" "36155900" "279" "97.10" "1" "97.20" "2" "81656691" "106.50" "87.40"
"6204" "艾華" "59.60" "-0.10" "59.70" "60.60" "59.10" "63000" "3767400" "46" "59.60" "3" "59.70" "2" "23102080" "65.50" "53.70"
"6207" "雷科" "30.85" "-0.15" "30.75" "31.05" "30.70" "61000" "1884700" "47" "30.85" "2" "30.90" "1" "79679910" "33.90" "27.80"
"6208" "日揚" "47.55" "-0.90" "48.50" "48.50" "47.50" "254000" "12135950" "169" "47.50" "22" "47.70" "2" "118201679" "52.30" "42.80"
"6210" "慶生" "31.60" "-0.15" "31.60" "31.60" "31.60" "2000" "63200" "2" "31.60" "4" "31.75" "1" "35048000" "34.75" "28.45"
"6212" "理銘" "50.40" "+0.40" "49.70" "51.70" "49.70" "17000" "853700" "12" "50.40" "2" "51.00" "1" "102000000" "55.40" "45.40"
"6217" "中探針" "45.90" "-0.75" "46.30" "46.90" "45.90" "566000" "26199200" "378" "45.90" "14" "46.00" "1" "97108018" "50.40" "41.35"
"6218" "豪勉" "28.60" "-0.15" "28.80" "29.15" "28.30" "412000" "11839900" "253" "28.55" "7" "28.60" "4" "64262000" "31.45" "25.75"
"6219" "富旺" "24.70" "+0.25" "24.45" "25.15" "24.35" "1108000" "27475850" "415" "24.65" "3" "24.70" "5" "94016276" "27.15" "22.25"
"6220" "岳豐" "28.05" "+0.05" "28.15" "28.15" "28.00" "528000" "14796700" "232" "28.00" "425" "28.05" "18" "144868186" "30.85" "25.25"
"6221" "晉泰" "63.80" "0.00" "63.20" "63.80" "63.00" "16000" "1013700" "12" "63.50" "3" "63.60" "1" "99275500" "70.10" "57.50"
"6222" "上揚" "22.80" "-0.10" "22.95" "23.50" "22.80" "78000" "1792150" "59" "22.80" "9" "23.10" "1" "40588878" "25.05" "20.55"
"6223" "旺矽" "212.50" "-5.00" "214.50" "216.00" "212.00" "2781000" "593526000" "2177" "212.50" "12" "213.00" "15" "94231106" "233.50" "191.50"
"6227" "茂綸" "41.65" "+0.15" "41.50" "41.80" "41.45" "111000" "4615850" "68" "41.60" "1" "41.65" "2" "76111786" "45.80" "37.50"
"6228" "全譜" "12.90" "+0.25" "12.20" "12.95" "12.05" "206000" "2580850" "134" "12.90" "1" "12.95" "3" "45000000" "14.15" "11.65"
"6229" "研通" "26.05" "-0.25" "26.30" "26.40" "25.95" "60000" "1565900" "46" "26.00" "3" "26.10" "9" "35640700" "28.65" "23.45"
"6231" "系微" "152.50" "-7.50" "155.50" "158.50" "152.50" "2018000" "312528000" "1635" "152.50" "32" "153.00" "7" "38043488" "167.50" "137.50"
"6233" "旺玖" "25.40" "+1.20" "24.45" "26.30" "24.40" "1699000" "43602100" "1073" "25.40" "23" "25.45" "5" "79609896" "27.90" "22.90"
"6234" "高僑" "30.90" "+0.05" "30.90" "31.95" "30.85" "807000" "25209300" "540" "30.90" "33" "31.05" "1" "100386398" "33.95" "27.85"
"6236" "中湛" "28.50" "0.00" "28.50" "28.50" "28.50" "1000" "28500" "1" "28.50" "4" "29.60" "3" "41654039" "31.35" "25.65"
"6237" "驊訊" "38.85" "+0.60" "38.15" "40.05" "38.15" "456000" "17964500" "357" "38.85" "1" "38.90" "1" "78641621" "42.70" "35.00"
"6240" "松崗" "20.50" "-0.30" "20.95" "20.95" "20.50" "11000" "227000" "10" "20.50" "7" "20.60" "1" "22867370" "22.55" "18.45"
"6241" "易通展" "13.15" "-0.10" "13.20" "13.20" "12.90" "42000" "545300" "26" "12.90" "7" "13.15" "3" "48700000" "14.45" "11.85"
"6242" "立康" "58.80" "+0.20" "57.90" "58.80" "57.80" "13000" "753800" "12" "58.00" "4" "59.00" "1" "26806500" "64.60" "53.00"
"6244" "茂迪" "27.40" "-0.10" "27.55" "27.75" "27.40" "810000" "22278250" "379" "27.40" "22" "27.45" "8" "387041875" "30.10" "24.70"
"6245" "立端" "97.50" "-0.20" "96.80" "98.70" "96.10" "716000" "69920500" "558" "97.50" "21" "97.60" "1" "125618438" "107.00" "87.80"
"6246" "臺龍" "12.45" "+0.15" "12.45" "12.45" "12.40" "6000" "74600" "6" "12.40" "1" "12.50" "3" "37851415" "13.65" "11.25"
"6248" "沛波" "27.45" "-0.05" "27.40" "27.55" "27.35" "166000" "4558300" "92" "27.40" "31" "27.45" "1" "68525470" "30.15" "24.75"
"6259" "百徽" "----" "---" "----" "----" "----" "0" "0" "0" "19.10" "1" "19.35" "1" "21451891" "21.25" "17.45"
"6261" "久元" "57.00" "-0.40" "56.50" "57.40" "56.50" "95000" "5409400" "70" "56.80" "2" "57.00" "14" "128497989" "62.70" "51.30"
"6263" "普萊德" "124.00" "-1.00" "125.00" "125.50" "124.00" "41000" "5119500" "40" "124.00" "16" "124.50" "7" "62500964" "136.00" "112.00"
"6264" "富裔" "7.62" "+0.24" "7.37" "7.65" "7.36" "156000" "1174600" "76" "7.60" "2" "7.63" "2" "116355291" "8.38" "6.86"
"6265" "方土昶" "10.20" "-0.10" "10.25" "10.30" "10.20" "23000" "235400" "20" "10.20" "10" "10.25" "1" "118172151" "11.20" "9.18"
"6266" "泰詠" "34.20" "-0.25" "34.05" "34.65" "34.05" "731000" "25144500" "452" "34.20" "8" "34.25" "1" "138233397" "37.60" "30.80"
"6270" "倍微" "21.75" "0.00" "21.80" "21.80" "21.75" "36000" "784550" "23" "21.75" "3" "21.80" "12" "72145759" "23.90" "19.60"
"6274" "台燿" "129.50" "-1.00" "128.00" "132.50" "127.50" "13135000" "1702476000" "8303" "129.00" "177" "129.50" "31" "270538699" "142.00" "117.00"
"6275" "元山" "47.30" "-0.20" "47.70" "48.20" "47.05" "1774000" "84424750" "1135" "47.30" "30" "47.35" "5" "73184789" "52.00" "42.60"
"6276" "安鈦克" "40.20" "-0.55" "40.55" "40.70" "40.15" "127000" "5126050" "112" "40.20" "1" "40.25" "1" "31490000" "44.20" "36.20"
"6279" "胡連" "149.50" "0.00" "147.50" "151.00" "147.00" "579000" "86490500" "379" "149.00" "33" "149.50" "5" "99654707" "164.00" "135.00"
"6284" "佳邦" "64.40" "+0.40" "63.00" "66.20" "62.90" "5915000" "384607900" "3802" "64.40" "4" "64.50" "15" "148980341" "70.80" "58.00"
"6287" "元隆" "17.90" "+0.45" "17.05" "17.90" "17.00" "3000" "51950" "3" "17.05" "2" "17.90" "2" "109536398" "19.65" "16.15"
"6290" "良維" "59.00" "+0.10" "58.80" "59.30" "58.60" "408000" "24071600" "262" "59.00" "9" "59.10" "15" "153773605" "64.90" "53.10"
"6291" "沛亨" "240.00" "-5.00" "241.50" "249.00" "239.50" "206000" "50170500" "188" "239.50" "2" "242.00" "2" "42000000" "264.00" "216.00"
"6292" "迅德" "47.60" "+0.50" "47.40" "47.75" "47.40" "14000" "666000" "14" "47.55" "3" "47.65" "1" "46900712" "52.30" "42.85"
"6294" "智基" "115.00" "+1.00" "114.00" "115.00" "113.50" "31000" "3543500" "18" "114.00" "6" "114.50" "3" "24572741" "126.50" "103.50"
"6404" "通訊-KY" "17.75" "-0.85" "18.00" "18.00" "17.15" "26000" "457900" "15" "17.30" "3" "17.70" "2" "24358000" "19.50" "16.00"
"6411" "晶焱" "116.50" "-1.00" "117.00" "118.50" "116.00" "659000" "77116000" "446" "116.50" "3" "117.00" "26" "98307631" "128.00" "105.00"
"6417" "韋僑" "113.50" "0.00" "112.50" "114.00" "112.50" "106000" "12001000" "90" "113.00" "3" "114.00" "3" "42274000" "124.50" "102.50"
"6418" "詠昇" "23.90" "+0.25" "24.10" "24.10" "23.45" "458000" "10891900" "272" "23.75" "5" "23.90" "10" "34522000" "26.25" "21.55"
"6419" "京晨科" "44.75" "-0.10" "45.80" "45.80" "43.85" "76000" "3396450" "62" "44.70" "2" "45.40" "3" "13159170" "49.20" "40.30"
"6425" "易發" "20.70" "0.00" "20.70" "20.70" "20.60" "10000" "206800" "7" "20.60" "3" "20.75" "1" "43602000" "22.75" "18.65"
"6432" "今展科" "38.00" "+0.95" "37.20" "38.40" "37.20" "503000" "19079450" "301" "37.95" "2" "38.00" "5" "30592835" "41.80" "34.20"
"6435" "大中" "96.80" "+0.20" "96.60" "97.30" "96.30" "59000" "5712600" "46" "96.50" "2" "96.80" "1" "36776300" "106.00" "87.20"
"6441" "廣錠" "52.80" "-0.10" "52.90" "53.20" "52.50" "58000" "3062000" "50" "52.60" "4" "52.90" "4" "53318429" "58.00" "47.55"
"6446" "藥華藥" "361.00" "-11.00" "365.00" "368.50" "358.00" "3503000" "1268651000" "2828" "361.00" "2" "361.50" "2" "339867891" "397.00" "325.00"
"6457" "紘康" "51.00" "+2.00" "49.00" "51.00" "49.00" "218000" "11008950" "168" "50.80" "1" "51.00" "7" "31854792" "56.10" "45.90"
"6461" "益得" "30.35" "+1.65" "29.00" "31.20" "29.00" "673000" "20260000" "502" "30.30" "5" "30.40" "16" "116933000" "33.35" "27.35"
"6462" "神盾" "86.80" "-0.20" "87.10" "88.80" "86.80" "126000" "11024300" "101" "86.80" "5" "87.00" "4" "74271754" "95.40" "78.20"
"6465" "威潤" "18.85" "-0.15" "18.85" "18.90" "18.85" "11000" "207450" "10" "18.90" "1" "19.05" "1" "32281675" "20.70" "17.00"
"6469" "大樹" "348.00" "-2.50" "350.50" "350.50" "347.00" "114000" "39689500" "101" "347.00" "3" "348.00" "1" "111329851" "382.50" "313.50"
"6470" "宇智" "73.20" "+0.30" "72.70" "74.40" "72.20" "674000" "49703000" "488" "73.20" "1" "73.30" "7" "37694100" "80.50" "65.90"
"6472" "保瑞" "655.00" "-12.00" "668.00" "677.00" "655.00" "1697000" "1125120000" "1522" "655.00" "37" "656.00" "1" "100858834" "720.00" "590.00"
"6482" "弘煜科" "34.50" "0.00" "34.90" "35.40" "34.50" "12000" "416600" "11" "34.50" "3" "34.85" "1" "21692776" "37.95" "31.05"
"6485" "點序" "108.00" "+2.50" "103.50" "110.50" "103.00" "6203000" "671397500" "3454" "108.00" "24" "108.50" "67" "44676008" "118.50" "97.20"
"6486" "互動" "70.60" "-0.50" "71.10" "71.10" "70.50" "71000" "5021200" "53" "70.50" "5" "70.60" "2" "42424824" "77.60" "63.60"
"6488" "環球晶" "483.00" "0.00" "476.00" "484.50" "476.00" "1075000" "517608500" "822" "483.00" "3" "483.50" "6" "435237000" "531.00" "435.00"
"6492" "生華科" "43.80" "+0.35" "44.40" "44.40" "43.80" "24000" "1053750" "21" "43.80" "2" "43.95" "1" "89743620" "48.15" "39.45"
"6494" "九齊" "62.70" "-0.40" "63.30" "63.80" "62.70" "110000" "6946300" "85" "62.60" "3" "62.70" "2" "31559690" "68.90" "56.50"
"6496" "科懋" "28.95" "0.00" "28.95" "28.95" "28.90" "4000" "115750" "3" "28.90" "4" "28.95" "1" "47506904" "31.80" "26.10"
"6499" "益安" "48.65" "-0.70" "49.25" "49.50" "48.60" "31000" "1515250" "25" "48.60" "5" "48.90" "2" "92244893" "53.50" "43.80"
"6506" "雙邦" "17.50" "-0.10" "17.75" "17.75" "17.50" "13000" "229750" "10" "17.50" "1" "17.65" "1" "82360826" "19.25" "15.75"
"6508" "惠光" "34.75" "-0.10" "34.85" "34.85" "34.70" "45000" "1564550" "32" "34.70" "13" "34.85" "5" "86538864" "38.20" "31.30"
"6509" "聚和" "38.80" "-0.35" "39.00" "39.10" "38.70" "373000" "14490700" "235" "38.80" "6" "38.85" "3" "173490326" "42.65" "34.95"
"6510" "精測" "555.00" "+6.00" "543.00" "558.00" "543.00" "149000" "82392000" "140" "552.00" "3" "555.00" "3" "32789022" "610.00" "499.50"
"6512" "啟發電" "----" "---" "----" "----" "----" "0" "0" "0" "20.35" "1" "20.65" "3" "25000000" "22.40" "18.40"
"6514" "芮特-KY" "49.30" "+0.95" "48.90" "49.40" "48.80" "27000" "1326000" "23" "49.10" "1" "49.35" "1" "30015382" "54.20" "44.40"
"6516" "勤崴國際" "88.30" "0.00" "88.50" "88.50" "87.70" "21000" "1848900" "21" "87.80" "2" "88.20" "1" "51247212" "97.10" "79.50"
"6517" "保勝光學" "82.40" "+1.70" "80.70" "83.00" "80.70" "273000" "22456000" "223" "82.40" "2" "82.50" "2" "30579053" "90.60" "74.20"
"6523" "達爾膚" "148.00" "+4.50" "143.50" "149.50" "143.50" "626000" "92558000" "438" "147.50" "1" "148.00" "16" "45047625" "162.50" "133.50"
"6527" "明達醫" "88.70" "+0.40" "88.50" "89.20" "88.50" "69000" "6127200" "59" "88.60" "1" "88.70" "10" "25458550" "97.50" "79.90"
"6530" "創威" "34.80" "+1.80" "33.00" "36.10" "32.40" "2292000" "79449050" "1558" "34.75" "2" "34.80" "1" "33750000" "38.25" "31.35"
"6532" "瑞耘" "59.00" "0.00" "59.00" "59.10" "58.60" "210000" "12353000" "128" "58.90" "1" "59.10" "4" "37445147" "64.90" "53.10"
"6535" "順藥" "60.40" "-0.20" "60.70" "60.80" "60.30" "137000" "8289500" "105" "60.40" "6" "60.60" "1" "163093825" "66.40" "54.40"
"6538" "倉和" "173.00" "-1.00" "172.00" "176.00" "171.50" "302000" "52622500" "265" "173.00" "2" "173.50" "1" "38187000" "190.00" "156.00"
"6542" "隆中" "----" "---" "----" "----" "----" "0" "0" "0" "55.10" "1" "55.90" "1" "42000630" "60.60" "49.60"
"6546" "正基" "87.70" "-1.10" "88.10" "89.60" "86.80" "446000" "39499800" "326" "87.60" "16" "87.70" "4" "66226937" "96.40" "79.00"
"6547" "高端疫苗" "72.60" "-0.90" "73.20" "74.50" "72.60" "1595000" "117131500" "1079" "72.60" "30" "72.70" "14" "328376800" "79.80" "65.40"
"6548" "長科*" "35.25" "-0.35" "35.20" "35.65" "35.20" "909000" "32181450" "558" "35.25" "21" "35.30" "2" "950538700" "38.75" "31.75"
"6556" "勝品" "85.20" "+0.10" "84.50" "85.40" "84.30" "25000" "2119400" "21" "85.10" "1" "85.50" "5" "28750000" "93.70" "76.70"
"6560" "欣普羅" "29.25" "+0.25" "29.05" "29.55" "29.05" "12000" "351150" "11" "29.15" "2" "29.30" "7" "25874715" "32.15" "26.35"
"6561" "是方" "357.00" "-2.50" "358.00" "358.00" "356.50" "15000" "5355000" "15" "356.50" "3" "357.50" "1" "77819370" "392.50" "321.50"
"6568" "宏觀" "138.00" "+8.00" "129.00" "141.00" "128.50" "669000" "91310000" "534" "138.00" "1" "138.50" "3" "30739920" "151.50" "124.50"
"6569" "醫揚" "162.00" "-1.50" "164.00" "164.00" "161.00" "19000" "3077500" "19" "161.50" "5" "162.00" "1" "33388300" "178.00" "146.00"
"6570" "維田" "54.90" "-0.50" "55.00" "55.10" "54.70" "83000" "4556000" "76" "54.80" "6" "54.90" "1" "37090842" "60.30" "49.45"
"6574" "霈方" "52.50" "+0.90" "52.50" "52.50" "52.50" "2000" "105000" "1" "51.70" "3" "52.40" "1" "21990000" "57.70" "47.25"
"6576" "逸達" "81.60" "-0.30" "81.90" "82.40" "81.30" "68000" "5571600" "60" "81.60" "1" "81.90" "1" "135777142" "89.70" "73.50"
"6577" "勁豐" "93.30" "-1.00" "93.50" "94.00" "92.50" "42000" "3914700" "38" "93.30" "5" "93.70" "1" "38254870" "102.50" "84.00"
"6578" "達邦蛋白" "17.00" "-0.05" "17.00" "17.10" "17.00" "58000" "989450" "41" "17.00" "5" "17.05" "1" "59710319" "18.70" "15.30"
"6584" "南俊國際" "70.00" "+2.60" "67.00" "70.30" "66.60" "207000" "14272500" "144" "68.90" "2" "70.00" "13" "65642600" "77.00" "63.00"
"6588" "東典光電" "30.40" "-0.60" "31.00" "31.10" "30.35" "24000" "739950" "16" "30.45" "2" "31.00" "1" "26700825" "33.40" "27.40"
"6589" "台康生技" "99.60" "+3.50" "104.00" "104.00" "99.00" "2824000" "284963000" "1940" "99.60" "18" "99.90" "1" "304838454" "109.50" "89.70"
"6590" "普鴻" "86.00" "+0.60" "85.00" "86.50" "85.00" "11000" "946100" "10" "85.50" "2" "86.00" "1" "21291250" "94.60" "77.40"
"6593" "台灣銘板" "69.10" "-2.90" "71.00" "71.00" "68.50" "184000" "12741100" "149" "69.00" "1" "69.50" "2" "22444507" "76.00" "62.20"
"6596" "寬宏藝術" "50.20" "-0.10" "50.10" "50.30" "50.10" "29000" "1455200" "26" "50.10" "5" "50.30" "1" "30000000" "55.20" "45.20"
"6603" "富強鑫" "15.45" "+0.20" "15.50" "15.50" "15.25" "333000" "5132300" "129" "15.45" "9" "15.50" "21" "156985927" "16.95" "13.95"
"6609" "瀧澤科" "31.60" "-0.45" "31.75" "32.05" "31.50" "87000" "2751050" "45" "31.60" "3" "31.65" "2" "72456246" "34.75" "28.45"
"6612" "奈米醫材" "134.50" "-1.50" "136.50" "136.50" "133.50" "62000" "8345000" "54" "134.00" "5" "134.50" "10" "34163900" "147.50" "121.50"
"6613" "朋億*" "123.50" "+0.50" "122.50" "125.50" "122.50" "194000" "24093000" "138" "123.50" "4" "124.00" "10" "69562927" "135.50" "111.50"
"6615" "慧智" "40.75" "-0.05" "40.70" "40.90" "40.25" "10000" "405700" "8" "40.35" "1" "40.80" "1" "21362400" "44.80" "36.70"
"6616" "特昇-KY" "14.40" "0.00" "14.40" "14.40" "14.30" "35000" "502550" "20" "14.35" "3" "14.40" "1" "30065927" "15.80" "13.00"
"6624" "萬年清" "46.60" "-0.40" "46.80" "46.80" "46.10" "20000" "926350" "15" "46.05" "1" "46.60" "2" "18000000" "51.20" "41.95"
"6629" "泰金-KY" "----" "---" "----" "----" "----" "0" "0" "0" "46.80" "1" "48.75" "5" "35714166" "53.40" "43.75"
"6640" "均華" "113.00" "-1.00" "115.00" "115.00" "113.00" "41000" "4687000" "20" "113.00" "1" "114.50" "1" "28276500" "124.00" "102.00"
"6642" "富致" "47.20" "-0.55" "47.45" "47.50" "47.20" "23000" "1089150" "17" "47.20" "1" "47.40" "1" "37399662" "51.90" "42.50"
"6643" "M31" "866.00" "-3.00" "863.00" "879.00" "858.00" "467000" "404444000" "437" "866.00" "6" "868.00" "2" "34865800" "952.00" "780.00"
"6649" "台生材" "34.35" "-0.40" "34.60" "34.70" "34.20" "59000" "2033300" "47" "34.30" "4" "34.40" "1" "42000000" "37.75" "30.95"
"6651" "全宇昕" "75.70" "+0.30" "75.50" "76.50" "75.40" "49000" "3713800" "43" "75.60" "2" "75.90" "3" "34601541" "83.20" "68.20"
"6654" "天正國際" "43.20" "+0.45" "43.00" "43.20" "42.95" "13000" "559150" "7" "43.00" "1" "43.40" "1" "33262720" "47.50" "38.90"
"6661" "威健生技" "----" "---" "----" "----" "----" "0" "0" "0" "22.85" "2" "23.45" "2" "23304248" "25.75" "21.15"
"6662" "樂斯科" "31.75" "-0.45" "32.15" "32.15" "31.75" "5000" "159950" "3" "31.75" "2" "32.10" "2" "25612400" "34.90" "28.60"
"6664" "群翊" "155.50" "-2.00" "156.00" "157.50" "155.50" "180000" "28115500" "142" "155.50" "10" "156.00" "1" "56712190" "171.00" "140.00"
"6667" "信紘科" "75.80" "-0.50" "76.30" "76.80" "75.80" "103000" "7841600" "79" "75.80" "4" "76.00" "1" "44778878" "83.30" "68.30"
"6679" "鈺太" "368.00" "+2.50" "364.00" "369.50" "361.00" "356000" "130272500" "324" "368.00" "7" "368.50" "3" "54939335" "404.50" "331.50"
"6680" "鑫創電子" "79.50" "+0.50" "82.50" "82.50" "79.00" "5000" "401000" "5" "79.50" "1" "80.50" "1" "21042867" "87.40" "71.60"
"6683" "雍智科技" "193.50" "-0.50" "192.50" "195.00" "192.50" "49000" "9492500" "47" "193.50" "4" "194.00" "1" "27217661" "212.50" "174.50"
"6684" "安格" "51.80" "-1.30" "53.10" "56.80" "51.80" "1582000" "85473000" "1115" "51.80" "6" "52.00" "1" "44664476" "56.90" "46.65"
"6690" "安碁資訊" "166.00" "-3.50" "168.50" "169.00" "166.00" "35000" "5858000" "33" "166.00" "3" "167.00" "1" "22204570" "182.50" "149.50"
"6693" "廣閎科" "71.90" "-1.70" "73.60" "73.60" "71.60" "41000" "2967800" "37" "71.90" "1" "72.50" "2" "45720000" "79.00" "64.80"
"6697" "東捷資訊" "51.40" "-1.80" "53.00" "53.50" "50.00" "89000" "4667000" "77" "51.40" "2" "52.00" "1" "27323364" "56.50" "46.30"
"6703" "軒郁" "269.00" "-6.50" "277.00" "280.00" "269.00" "299000" "82217500" "265" "268.50" "3" "269.00" "2" "27864038" "295.50" "242.50"
"6708" "天擎" "47.05" "-0.05" "47.00" "47.50" "46.90" "16000" "752800" "15" "47.10" "1" "47.50" "3" "29008779" "51.70" "42.35"
"6712" "長聖" "197.00" "-0.50" "197.50" "199.50" "196.00" "418000" "82630500" "328" "196.50" "10" "197.00" "1" "75198730" "216.50" "177.50"
"6716" "應廣" "82.40" "+0.40" "82.30" "82.50" "82.00" "14000" "1150100" "10" "81.30" "1" "82.50" "1" "30439314" "90.60" "74.20"
"6721" "信實" "52.00" "+0.30" "51.70" "52.00" "51.70" "8000" "414800" "7" "51.80" "1" "52.00" "3" "22500000" "57.20" "46.80"
"6727" "亞泰金屬" "56.30" "-0.50" "56.60" "56.60" "56.20" "41000" "2311800" "31" "56.20" "4" "56.50" "3" "24072972" "61.90" "50.70"
"6728" "上洋" "129.00" "+0.50" "128.50" "129.00" "128.00" "9000" "1157500" "7" "128.50" "2" "129.50" "4" "23000000" "141.50" "116.50"
"6732" "昇佳電子" "385.50" "+7.50" "375.00" "387.50" "372.00" "928000" "355135500" "782" "385.50" "1" "386.00" "1" "48912618" "424.00" "347.00"
"6733" "博晟生醫" "37.00" "-0.65" "37.65" "37.70" "36.95" "252000" "9395700" "182" "36.95" "3" "37.15" "1" "123076026" "40.70" "33.30"
"6735" "美達科技" "48.60" "-0.20" "49.00" "49.00" "48.60" "8000" "391100" "8" "48.70" "1" "49.00" "20" "41888700" "53.40" "43.75"
"6741" "91APP*-KY" "104.50" "-0.50" "104.50" "106.50" "104.50" "366000" "38513500" "295" "104.50" "47" "105.00" "3" "120577997" "114.50" "94.10"
"6747" "亨泰光" "192.50" "0.00" "192.00" "193.00" "192.00" "25000" "4813500" "22" "192.00" "1" "193.00" "3" "24189000" "211.50" "173.50"
"6751" "智聯服務" "88.00" "-1.00" "89.00" "89.00" "88.00" "18000" "1588900" "18" "88.00" "9" "88.20" "3" "22200000" "96.80" "79.20"
"6752" "叡揚" "112.50" "0.00" "114.50" "121.50" "112.50" "317000" "36860000" "274" "112.50" "4" "115.00" "1" "32400130" "123.50" "101.50"
"6761" "穩得" "80.80" "+0.20" "80.90" "82.20" "79.80" "29000" "2357500" "26" "80.70" "1" "81.00" "1" "25104942" "88.80" "72.80"
"6762" "達亞" "258.00" "+3.00" "252.00" "259.00" "252.00" "19000" "4855000" "11" "253.00" "1" "259.50" "1" "25889242" "283.50" "232.50"
"6763" "綠界科技" "429.50" "-1.00" "430.00" "430.00" "427.00" "19000" "8149500" "18" "429.00" "1" "429.50" "1" "18403913" "472.00" "387.00"
"6767" "台微醫" "41.30" "+0.30" "41.95" "41.95" "41.30" "10000" "415650" "8" "41.30" "2" "41.45" "1" "29109000" "45.40" "37.20"
"6788" "華景電" "142.00" "0.00" "138.50" "142.00" "138.50" "434000" "61299000" "344" "142.00" "5" "142.50" "12" "34739683" "156.00" "128.00"
"6791" "虎門科技" "86.90" "-1.10" "88.00" "88.00" "86.50" "13000" "1130100" "13" "86.80" "1" "87.70" "1" "20847000" "95.50" "78.30"
"6803" "崑鼎" "318.00" "+2.00" "316.50" "318.00" "316.50" "3000" "951000" "3" "316.50" "2" "317.50" "1" "71299248" "349.50" "286.50"
"6804" "明係" "63.00" "+1.10" "62.10" "63.10" "62.10" "84000" "5277900" "65" "62.80" "7" "63.00" "1" "35000000" "69.30" "56.70"
"6811" "宏碁資訊" "287.00" "0.00" "284.00" "293.00" "283.00" "335000" "96705500" "309" "286.00" "4" "287.00" "4" "41449000" "315.50" "258.50"
"6821" "聯寶" "42.35" "+0.35" "42.10" "42.35" "41.20" "91000" "3815800" "51" "42.00" "2" "42.35" "1" "30998240" "46.55" "38.15"
"6823" "濾能" "59.20" "-0.80" "60.00" "60.00" "58.50" "29000" "1710200" "20" "59.00" "1" "59.70" "1" "22238475" "65.10" "53.30"
"6829" "千附精密" "117.00" "-5.50" "124.00" "126.50" "117.00" "2950000" "355852500" "2215" "117.00" "31" "117.50" "4" "59169000" "128.50" "105.50"
"6840" "東研信超" "64.60" "+0.40" "64.30" "64.60" "64.30" "8000" "515800" "8" "64.50" "2" "65.50" "1" "25278000" "71.00" "58.20"
"6841" "長佳智能" "101.00" "-1.00" "101.50" "103.50" "101.00" "445000" "45373500" "351" "101.00" "40" "101.50" "1" "98519500" "111.00" "90.90"
"6843" "進典" "64.20" "-0.40" "65.10" "65.10" "63.80" "22000" "1414400" "21" "63.80" "1" "64.60" "10" "33304000" "70.60" "57.80"
"6846" "綠茵" "82.10" "-0.50" "82.00" "82.60" "82.00" "6000" "492700" "6" "82.00" "6" "82.50" "1" "26723500" "90.30" "73.90"
"6855" "數泓科" "85.00" "0.00" "85.00" "85.00" "85.00" "2000" "170000" "2" "85.00" "1" "85.30" "1" "21136105" "93.50" "76.50"
"6859" "伯特光" "126.50" "-0.50" "127.00" "127.00" "126.50" "7000" "888000" "6" "126.00" "4" "127.00" "1" "38882800" "139.00" "114.00"
"6865" "偉康科技" "68.00" "-0.40" "68.40" "68.40" "67.10" "21000" "1424100" "9" "67.60" "2" "68.40" "1" "14365000" "74.80" "61.20"
"6870" "騰雲" "148.00" "+7.00" "144.00" "149.50" "140.00" "268000" "39164000" "215" "148.00" "6" "149.00" "4" "21800000" "9995.00" "0.01"
"6874" "倍力" "109.50" "-1.00" "110.00" "113.50" "109.50" "115000" "12829500" "107" "109.50" "2" "110.00" "1" "22000000" "120.00" "98.60"
"6877" "鏵友益" "40.70" "0.00" "40.50" "40.95" "40.20" "72000" "2937900" "37" "40.70" "3" "40.80" "2" "33088000" "44.75" "36.65"
"6895" "宏碩系統" "124.00" "+1.00" "120.00" "124.00" "120.00" "53000" "6488500" "46" "124.00" "2" "124.50" "2" "34100000" "136.00" "112.00"
"7402" "邑錡" "81.60" "-1.10" "82.90" "85.60" "81.60" "1121000" "93269000" "780" "81.60" "6" "81.90" "2" "33379658" "89.70" "73.50"
"7556" "意德士" "104.00" "+1.50" "103.50" "104.00" "103.50" "13000" "1349500" "13" "102.50" "3" "104.50" "2" "24054117" "114.00" "93.60"
"8024" "佑華" "21.15" "+0.35" "20.85" "21.45" "20.85" "186000" "3956100" "134" "21.15" "4" "21.35" "1" "45160100" "23.25" "19.05"
"8027" "鈦昇" "67.70" "-0.70" "68.00" "68.10" "67.40" "356000" "24122300" "227" "67.60" "12" "67.70" "3" "99595393" "74.40" "61.00"
"8032" "光菱" "29.15" "+0.15" "29.00" "29.15" "29.00" "2000" "58150" "2" "29.00" "2" "29.20" "1" "51810300" "32.05" "26.25"
"8034" "榮群" "22.50" "+0.50" "21.90" "22.50" "21.40" "2259000" "49873800" "1198" "22.40" "15" "22.50" "59" "62873725" "24.75" "20.25"
"8038" "長園科" "37.90" "-0.30" "37.95" "38.60" "37.75" "389000" "14823900" "201" "37.85" "4" "37.95" "4" "62874190" "41.65" "34.15"
"8040" "九暘" "45.00" "+1.40" "43.20" "45.70" "42.90" "744000" "33376400" "511" "45.00" "2" "45.10" "3" "68850074" "49.50" "40.50"
"8042" "金山電" "35.45" "0.00" "35.45" "35.45" "35.15" "15000" "529600" "14" "35.10" "1" "35.20" "1" "129462549" "38.95" "31.95"
"8043" "蜜望實" "28.05" "0.00" "27.80" "28.35" "27.80" "146000" "4105800" "103" "28.05" "3" "28.10" "2" "79907170" "30.85" "25.25"
"8044" "網家" "44.10" "0.00" "44.05" "45.35" "43.50" "1156000" "51190550" "699" "44.05" "7" "44.10" "23" "144162945" "48.50" "39.70"
"8047" "星雲" "11.55" "+0.15" "11.45" "11.55" "11.45" "5000" "57550" "5" "11.45" "1" "11.50" "2" "41666343" "12.70" "10.40"
"8048" "德勝" "86.40" "-1.20" "85.20" "88.70" "85.10" "1810000" "157585400" "1420" "86.40" "11" "86.50" "12" "56103002" "95.00" "77.80"
"8049" "晶采" "37.65" "+0.45" "37.10" "37.90" "37.00" "558000" "20994050" "321" "37.65" "6" "37.70" "12" "118279808" "41.40" "33.90"
"8050" "廣積" "99.00" "-2.00" "100.00" "101.00" "99.00" "3931000" "392305500" "2858" "99.00" "263" "99.10" "3" "201174133" "108.50" "89.10"
"8054" "安國" "37.45" "0.00" "37.10" "39.95" "36.95" "10060000" "387644400" "6184" "37.45" "7" "37.50" "8" "91459166" "41.15" "33.75"
"8059" "凱碩" "14.70" "+0.15" "14.60" "14.90" "14.60" "124000" "1826500" "76" "14.60" "6" "14.75" "6" "190491500" "16.15" "13.25"
"8064" "東捷" "18.50" "-0.30" "18.60" "18.90" "18.50" "185000" "3455850" "114" "18.50" "11" "18.55" "1" "164817836" "20.35" "16.65"
"8066" "來思達" "29.35" "-0.15" "29.05" "29.35" "29.05" "10000" "290950" "9" "29.35" "1" "29.40" "1" "29642304" "32.25" "26.45"
"8067" "志旭" "14.20" "+0.20" "14.45" "14.45" "14.20" "3000" "43000" "3" "13.85" "1" "14.15" "2" "20700000" "15.60" "12.80"
"8068" "全達" "42.80" "+0.10" "42.70" "43.85" "41.80" "4141000" "176690650" "2468" "42.80" "1" "42.85" "11" "80765949" "47.05" "38.55"
"8069" "元太" "178.50" "-1.50" "179.50" "181.50" "177.50" "3835000" "685583000" "2233" "178.50" "39" "179.00" "53" "1140404715" "196.00" "161.00"
"8071" "能率網通" "15.20" "0.00" "15.30" "15.30" "15.15" "77000" "1172200" "46" "15.15" "13" "15.20" "1" "51854283" "16.70" "13.70"
"8074" "鉅橡" "19.10" "-0.10" "19.15" "19.15" "19.10" "22000" "420600" "19" "19.10" "1" "19.15" "5" "80974466" "21.00" "17.20"
"8076" "伍豐" "32.40" "+0.05" "32.35" "32.90" "32.20" "606000" "19676450" "355" "32.35" "2" "32.40" "6" "304602592" "35.60" "29.20"
"8077" "洛碁" "----" "---" "----" "----" "----" "0" "0" "0" "37.10" "3" "39.00" "1" "21945669" "40.90" "33.50"
"8080" "印鉐" "8.94" "-0.99" "10.10" "10.10" "8.94" "109000" "991590" "62" "8.94" "1" "9.35" "1" "23163821" "9.83" "8.05"
"8083" "瑞穎" "151.50" "+0.50" "151.00" "151.50" "150.00" "86000" "12968000" "68" "151.00" "1" "152.00" "1" "35133193" "166.50" "136.50"
"8084" "巨虹" "72.30" "-2.70" "74.20" "74.20" "72.00" "152000" "11082600" "127" "72.30" "9" "72.70" "1" "69514149" "79.50" "65.10"
"8085" "福華" "37.40" "+2.70" "34.40" "38.10" "34.40" "1236000" "45549250" "658" "37.40" "28" "37.45" "11" "139983060" "41.10" "33.70"
"8086" "宏捷科" "119.00" "+2.00" "117.00" "120.50" "117.00" "3810000" "455460500" "2687" "119.00" "7" "119.50" "25" "196516123" "130.50" "107.50"
"8087" "華鎂鑫" "54.30" "-0.50" "54.50" "55.00" "53.20" "121000" "6553300" "92" "54.10" "1" "54.50" "3" "29068965" "59.70" "48.90"
"8088" "品安" "37.35" "-0.45" "37.70" "38.55" "37.20" "4095000" "155133400" "2408" "37.30" "19" "37.35" "8" "60921749" "41.05" "33.65"
"8089" "康全電訊" "18.65" "-0.35" "18.75" "18.90" "18.65" "40000" "747650" "24" "18.65" "7" "18.70" "1" "58665527" "20.50" "16.80"
"8091" "翔名" "87.60" "+0.10" "87.50" "87.90" "87.30" "52000" "4557600" "46" "87.60" "1" "87.70" "1" "47960114" "96.30" "78.90"
"8092" "建暐" "11.40" "-0.20" "11.60" "11.65" "11.35" "113000" "1292050" "38" "11.40" "9" "11.50" "3" "43200616" "12.50" "10.30"
"8093" "保銳" "15.45" "-0.20" "15.60" "15.60" "15.30" "103000" "1585400" "81" "15.45" "4" "15.50" "12" "44945945" "16.95" "13.95"
"8096" "擎亞" "10.75" "+0.05" "10.70" "10.80" "10.70" "72000" "774150" "35" "10.70" "23" "10.75" "25" "149343066" "11.80" "9.68"
"8097" "常珵" "55.50" "+0.10" "55.70" "56.50" "55.50" "148000" "8280100" "99" "55.50" "4" "55.80" "1" "68064468" "61.00" "49.95"
"8099" "大世科" "53.00" "+0.30" "53.10" "54.10" "53.00" "237000" "12690200" "139" "53.00" "4" "53.10" "5" "88560000" "58.30" "47.70"
"8107" "大億金茂" "16.25" "0.00" "16.30" "16.30" "16.10" "62000" "1005100" "28" "16.20" "3" "16.25" "11" "75000000" "17.85" "14.65"
"8109" "博大" "102.00" "-1.00" "103.00" "103.50" "102.00" "221000" "22640000" "192" "102.00" "18" "102.50" "8" "79584804" "112.00" "91.80"
"8111" "立碁" "18.20" "-0.05" "18.25" "18.30" "18.20" "55000" "1003800" "35" "18.20" "9" "18.25" "1" "109102223" "20.00" "16.40"
"8121" "越峰" "25.80" "-0.25" "26.25" "26.25" "25.75" "111000" "2883950" "84" "25.80" "5" "26.00" "23" "212993743" "28.35" "23.25"
"8147" "正淩" "78.00" "-0.80" "78.00" "79.40" "77.10" "386000" "30145700" "281" "78.00" "1" "78.10" "3" "33115656" "85.80" "70.20"
"8155" "博智" "158.50" "+2.00" "153.00" "162.00" "152.00" "4873000" "770933000" "3055" "158.50" "188" "159.00" "14" "51221000" "174.00" "143.00"
"8171" "天宇" "42.00" "+2.05" "39.90" "43.00" "39.50" "1124000" "47038750" "641" "41.95" "19" "42.00" "3" "77250525" "46.20" "37.80"
"8176" "智捷" "11.55" "-0.15" "11.75" "11.75" "11.50" "141000" "1642450" "74" "11.50" "26" "11.55" "6" "71701000" "12.70" "10.40"
"8182" "加高" "31.35" "+0.05" "31.35" "31.45" "31.25" "72000" "2255600" "42" "31.25" "23" "31.30" "1" "107041215" "34.45" "28.25"
"8183" "精星" "51.60" "+0.30" "50.90" "52.00" "50.90" "493000" "25405700" "330" "51.50" "10" "51.60" "3" "121251068" "56.70" "46.45"
"8227" "巨有科技" "181.50" "-4.00" "185.00" "185.00" "181.00" "1564000" "285994000" "1195" "181.50" "16" "182.00" "9" "37343000" "199.50" "163.50"
"8234" "新漢" "49.70" "-0.15" "49.85" "50.10" "49.35" "640000" "31783950" "481" "49.70" "3" "49.75" "3" "141226472" "54.60" "44.75"
"8240" "華宏" "38.00" "+0.30" "37.15" "39.10" "37.15" "696000" "26630800" "467" "38.00" "4" "38.05" "2" "100004414" "41.80" "34.20"
"8255" "朋程" "174.00" "-3.50" "176.00" "178.00" "173.50" "632000" "110837000" "461" "173.50" "18" "174.00" "4" "101447000" "191.00" "157.00"
"8277" "商丞" "11.95" "-0.10" "12.00" "12.10" "11.85" "207000" "2475150" "95" "11.90" "21" "12.00" "13" "91628833" "13.10" "10.80"
"8279" "生展" "166.00" "-1.50" "165.00" "166.50" "165.00" "5000" "829500" "5" "165.00" "3" "167.50" "2" "27100851" "182.50" "149.50"
"8284" "三竹" "60.50" "0.00" "61.00" "61.00" "60.40" "16000" "971400" "11" "60.50" "1" "60.70" "1" "46342000" "66.50" "54.50"
"8289" "泰藝" "31.50" "-0.10" "31.60" "31.80" "31.30" "219000" "6903700" "113" "31.45" "1" "31.55" "1" "68333765" "34.65" "28.35"
"8291" "尚茂" "5.88" "-0.32" "5.77" "5.88" "5.77" "2000" "11650" "2" "5.86" "1" "6.65" "1" "47312000" "6.46" "5.30"
"8299" "群聯" "468.50" "-5.00" "467.50" "478.00" "461.00" "2949000" "1389115000" "2424" "468.50" "2" "469.00" "1" "202558493" "515.00" "422.00"
"8342" "益張" "59.70" "0.00" "59.70" "59.70" "59.70" "1000" "59700" "1" "59.60" "1" "60.00" "1" "33536692" "65.60" "53.80"
"8349" "恒耀" "62.80" "+0.60" "62.30" "63.30" "62.20" "303000" "19046500" "225" "62.70" "9" "62.80" "1" "150250880" "69.00" "56.60"
"8349A" "恒耀甲特" "42.50" "0.00" "42.50" "42.50" "42.50" "2000" "85000" "1" "42.50" "2" "42.60" "3" "10000000" "46.75" "38.25"
"8354" "冠好" "14.40" "0.00" "14.40" "14.40" "14.40" "7000" "100800" "4" "14.40" "5" "14.45" "6" "78532263" "15.80" "13.00"
"8358" "金居" "64.00" "-2.60" "65.80" "66.00" "64.00" "9649000" "622205300" "7093" "64.00" "497" "64.10" "12" "252588000" "70.40" "57.60"
"8383" "千附" "37.60" "-0.05" "37.50" "37.85" "37.40" "94000" "3533600" "72" "37.60" "2" "37.65" "1" "113760482" "41.35" "33.85"
"8390" "金益鼎" "52.60" "-0.90" "53.50" "53.90" "52.50" "1112000" "58939700" "715" "52.60" "3" "52.70" "6" "96006128" "57.80" "47.35"
"8401" "白紗科" "20.45" "-0.05" "20.65" "20.65" "20.45" "31000" "636500" "24" "20.45" "29" "20.50" "6" "60041680" "22.45" "18.45"
"8403" "盛弘" "32.80" "+0.30" "32.65" "33.05" "32.55" "133000" "4363100" "103" "32.75" "3" "32.90" "21" "126044270" "36.05" "29.55"
"8409" "商之器" "26.05" "-0.10" "26.10" "26.10" "25.60" "71000" "1842850" "53" "26.05" "21" "26.10" "7" "32000000" "28.65" "23.45"
"8410" "森田" "57.30" "-1.40" "58.70" "58.70" "56.70" "111000" "6369000" "82" "57.20" "1" "57.30" "1" "36589200" "63.00" "51.60"
"8415" "大國鋼" "34.35" "-0.05" "34.35" "34.55" "34.25" "143000" "4918300" "87" "34.35" "3" "34.40" "13" "1031500000" "37.75" "30.95"
"8416" "實威" "136.00" "0.00" "136.00" "137.00" "135.50" "8000" "1090000" "7" "135.50" "2" "137.00" "1" "28210710" "149.50" "122.50"
"8418" "捷必勝-KY" "8.78" "-0.25" "8.74" "8.80" "8.74" "11000" "96530" "7" "8.80" "2" "8.81" "4" "78359000" "9.65" "7.91"
"8420" "明揚" "84.90" "+3.00" "81.30" "84.90" "81.30" "363000" "30475200" "265" "84.80" "15" "84.90" "8" "55217153" "93.30" "76.50"
"8421" "旭源" "12.90" "-0.05" "12.85" "12.95" "12.80" "45000" "579600" "28" "12.90" "4" "12.95" "9" "54817140" "14.15" "11.65"
"8423" "保綠-KY" "21.00" "0.00" "21.00" "21.00" "21.00" "4000" "84000" "4" "20.80" "1" "21.20" "2" "26070531" "23.10" "18.90"
"8424" "惠普" "67.80" "0.00" "67.80" "67.80" "67.80" "1000" "67800" "1" "67.70" "5" "67.80" "1" "36054368" "74.50" "61.10"
"8426" "紅木-KY" "51.80" "-1.40" "51.70" "53.00" "51.70" "186000" "9717800" "160" "51.80" "1" "52.20" "2" "50242500" "56.90" "46.65"
"8431" "匯鑽科" "59.90" "+0.20" "60.50" "60.50" "59.00" "79000" "4712400" "61" "59.80" "2" "59.90" "3" "44391482" "65.80" "54.00"
"8432" "東生華" "46.15" "+0.45" "45.70" "46.55" "45.70" "28000" "1290650" "23" "46.15" "1" "46.20" "1" "38398140" "50.70" "41.55"
"8433" "弘帆" "78.60" "0.00" "78.40" "79.30" "77.40" "45000" "3520400" "43" "78.40" "1" "78.60" "1" "52085485" "86.40" "70.80"
"8435" "鉅邁" "60.70" "0.00" "60.80" "60.80" "60.50" "140000" "8492500" "89" "60.60" "3" "60.70" "1" "31700450" "66.70" "54.70"
"8436" "大江" "174.00" "+1.00" "173.00" "175.00" "173.00" "279000" "48576500" "223" "174.00" "2" "174.50" "64" "118260830" "191.00" "157.00"
"8437" "大地-KY" "77.80" "-0.50" "78.20" "78.50" "77.00" "44000" "3428300" "39" "77.40" "1" "78.30" "1" "47851070" "85.50" "70.10"
"8440" "綠電" "37.20" "+0.15" "37.00" "37.40" "37.00" "38000" "1413200" "38" "37.15" "3" "37.20" "1" "38000225" "40.90" "33.50"
"8444" "綠河-KY" "36.40" "0.00" "36.40" "36.70" "36.40" "9000" "327950" "8" "36.05" "2" "36.20" "1" "89766845" "40.00" "32.80"
"8446" "華研" "102.50" "0.00" "103.00" "103.00" "102.00" "99000" "10139000" "80" "102.00" "10" "103.00" "12" "52914405" "112.50" "92.30"
"8450" "霹靂" "23.70" "+0.10" "23.50" "23.70" "23.50" "19000" "448200" "17" "23.50" "1" "23.70" "135" "51309947" "26.05" "21.35"
"8455" "大拓-KY" "20.65" "0.00" "20.50" "20.65" "20.05" "5000" "102300" "4" "20.25" "1" "20.65" "2" "25219056" "22.70" "18.60"
"8472" "夠麻吉" "31.05" "-0.35" "31.20" "31.20" "30.30" "28000" "856500" "24" "30.60" "1" "31.10" "3" "17735800" "34.15" "27.95"
"8476" "台境" "67.30" "0.00" "68.00" "68.30" "67.30" "205000" "13877800" "124" "67.30" "5" "67.50" "6" "81483509" "74.00" "60.60"
"8477" "創業家" "14.90" "-0.25" "15.25" "15.25" "14.55" "43000" "641000" "32" "14.80" "2" "14.95" "1" "34092838" "16.35" "13.45"
"8489" "三貝德" "24.60" "-0.10" "24.35" "24.70" "24.35" "58000" "1425500" "31" "24.60" "3" "24.65" "2" "37752414" "27.05" "22.15"
"8905" "裕國" "28.50" "0.00" "28.30" "28.50" "28.30" "122000" "3469600" "40" "28.45" "1" "28.50" "17" "119440000" "31.35" "25.65"
"8906" "花王" "17.05" "+0.05" "17.00" "17.05" "17.00" "13000" "221150" "4" "17.00" "5" "17.15" "1" "34037370" "18.75" "15.35"
"8908" "欣雄" "66.50" "-0.10" "67.60" "67.60" "66.20" "40000" "2663700" "35" "66.20" "3" "66.40" "1" "283470642" "73.10" "59.90"
"8916" "光隆" "53.20" "+0.30" "52.90" "53.30" "52.90" "198000" "10501100" "111" "53.10" "5" "53.20" "1" "149618095" "58.50" "47.90"
"8917" "欣泰" "69.50" "-0.70" "69.50" "69.50" "69.40" "7000" "486400" "7" "69.10" "1" "69.50" "1" "162652459" "76.40" "62.60"
"8921" "沈氏" "----" "---" "----" "----" "----" "0" "0" "0" "13.80" "1" "14.20" "1" "46592159" "15.40" "12.60"
"8923" "時報" "18.85" "-0.10" "18.85" "18.85" "18.85" "1000" "18850" "1" "18.90" "1" "19.00" "2" "30375800" "20.70" "17.00"
"8924" "大田" "91.30" "+0.40" "90.90" "91.60" "90.90" "76000" "6933700" "63" "91.30" "1" "91.40" "1" "83800000" "100.00" "82.20"
"8927" "北基" "59.10" "-1.10" "60.00" "60.20" "59.00" "1306000" "77856900" "676" "59.10" "2" "59.20" "15" "324462246" "65.00" "53.20"
"8928" "鉅明" "34.10" "0.00" "34.15" "34.25" "34.10" "42000" "1433750" "22" "34.10" "9" "34.15" "2" "50854015" "37.50" "30.70"
"8929" "富堡" "20.40" "-0.20" "20.50" "20.55" "20.40" "115000" "2347200" "18" "20.40" "2" "20.50" "1" "50580862" "22.40" "18.40"
"8930" "青鋼" "32.90" "+0.80" "33.00" "33.80" "31.90" "4615000" "152233950" "2257" "32.85" "12" "32.90" "40" "81809406" "36.15" "29.65"
"8931" "大汽電" "44.85" "+0.15" "44.70" "45.65" "44.40" "80000" "3596050" "70" "44.85" "2" "44.90" "1" "122254862" "49.30" "40.40"
"8932" "宏大" "83.80" "+1.40" "81.80" "85.50" "81.40" "688000" "57511800" "323" "83.60" "3" "83.80" "3" "67043454" "92.10" "75.50"
"8933" "愛地雅" "9.97" "-0.03" "10.05" "10.05" "9.97" "316000" "3155340" "165" "9.97" "53" "10.00" "51" "301724305" "10.95" "8.98"
"8935" "邦泰" "11.90" "0.00" "11.85" "11.90" "11.75" "26000" "307450" "14" "11.75" "3" "11.90" "5" "90966000" "13.05" "10.75"
"8936" "國統" "31.20" "-0.10" "31.15" "31.70" "31.10" "1464000" "46014600" "730" "31.20" "23" "31.25" "17" "248078157" "34.30" "28.10"
"8937" "合騏" "21.70" "-0.10" "21.75" "21.75" "21.30" "37000" "795550" "17" "21.50" "3" "21.70" "16" "72478800" "23.85" "19.55"
"8938" "明安" "77.20" "+1.10" "76.10" "77.40" "75.70" "433000" "33302500" "288" "77.10" "6" "77.20" "45" "140200272" "84.90" "69.50"
"8941" "關中" "59.00" "0.00" "59.00" "59.00" "59.00" "3000" "177000" "3" "58.70" "1" "59.20" "3" "30410497" "64.90" "53.10"
"8942" "森鉅" "74.70" "-0.30" "75.00" "75.00" "74.40" "291000" "21717500" "202" "74.50" "16" "74.70" "8" "182424088" "82.10" "67.30"
"9949" "琉園" "13.35" "-0.05" "13.35" "13.35" "13.35" "1000" "13350" "1" "13.30" "1" "13.35" "3" "44033360" "14.65" "12.05"
"9950" "萬國通" "19.50" "-0.15" "20.00" "20.00" "19.50" "121000" "2367700" "85" "19.50" "12" "19.70" "1" "167716000" "21.45" "17.55"
"9951" "皇田" "78.00" "+3.20" "74.60" "78.70" "74.30" "489000" "37707600" "385" "78.00" "8" "78.10" "2" "74900000" "85.80" "70.20"
"9960" "邁達康" "26.60" "-0.10" "26.60" "26.60" "26.50" "6000" "159350" "5" "26.55" "1" "26.60" "2" "33592500" "29.25" "23.95"
"9962" "有益" "17.70" "-0.10" "17.65" "17.75" "17.65" "212000" "3758700" "107" "17.70" "18" "17.75" "2" "90220260" "19.45" "15.95"
"020001" "富邦存股雙十N" "8.98" "-0.05" "8.98" "8.98" "8.98" "55000" "493900" "2" "8.94" "100" "8.95" "100" "40000000" "9.87" "8.09"
"020023" "元大櫃買半導體N" "5.36" "-0.04" "5.33" "5.38" "5.33" "18000" "96710" "13" "5.36" "397" "5.37" "400" "200000000" "5.89" "4.83"
"020024" "兆豐富櫃200N" "----" "---" "----" "----" "----" "0" "0" "0" "6.10" "311" "6.11" "473" "40000000" "6.72" "5.50"
"020025" "統一亞洲半導體N" "7.85" "-0.12" "7.87" "7.87" "7.85" "5000" "39300" "5" "7.84" "410" "7.87" "271" "200000000" "9999.95" "0.01"
"020026" "兆豐上櫃ESG電菁N" "4.77" "-0.01" "4.77" "4.77" "4.77" "10000" "47700" "1" "4.75" "321" "4.76" "303" "40000000" "5.24" "4.30"
"020027" "元大上櫃ESG成長N" "4.76" "-0.01" "4.76" "4.79" "4.76" "116000" "553100" "12" "4.75" "400" "4.76" "400" "400000000" "5.23" "4.29"
"020033" "統一恒生科期N" "3.61" "-0.08" "3.63" "3.63" "3.61" "28000" "101250" "9" "3.60" "7" "3.62" "352" "200000000" "9999.95" "0.01"
"020035" "元大上櫃ESG高息N" "6.76" "0.00" "6.76" "6.76" "6.75" "7000" "47310" "3" "6.74" "400" "6.75" "400" "200000000" "7.43" "6.09"
