"00679B" "元大美債20年" "30.97" "-0.03" "31.00" "31.00" "30.97" "21843000" "676704040" "7127" "30.97" "242" "30.98" "1535" "3499692000" "9999.95" "0.01"
"00687B" "國泰20年美債" "31.52" "-0.10" "31.55" "31.63" "31.51" "21273000" "671213470" "3782" "31.52" "23" "31.53" "2081" "1279287000" "9999.95" "0.01"
"00694B" "富邦美債1-3" "39.98" "-0.04" "40.02" "40.02" "39.98" "173000" "6921730" "15" "39.95" "51" "39.98" "2" "92576000" "9999.95" "0.01"
"00695B" "富邦美債7-10" "34.74" "-0.13" "34.80" "34.84" "34.74" "1367000" "47531500" "34" "34.71" "120" "34.74" "22" "25186000" "9999.95" "0.01"
"00696B" "富邦美債20年" "31.98" "-0.11" "32.06" "32.10" "31.97" "5350000" "171321950" "759" "31.97" "244" "31.98" "55" "792681000" "9999.95" "0.01"
"00697B" "元大美債7-10" "35.74" "-0.11" "35.79" "35.79" "35.69" "455000" "16263640" "49" "35.73" "1" "35.74" "22" "17212000" "9999.95" "0.01"
"00718B" "富邦中國政策債" "20.18" "-0.07" "20.24" "20.24" "20.18" "181000" "3655170" "13" "20.18" "2" "20.19" "20" "543001000" "9999.95" "0.01"
"00719B" "元大美債1-3" "31.32" "-0.02" "31.32" "31.37" "31.27" "1762000" "55219180" "191" "31.32" "31" "31.33" "74" "133014000" "9999.95" "0.01"
"00720B" "元大投資級公司債" "34.14" "-0.04" "34.17" "34.22" "34.13" "10008000" "341894760" "2956" "34.13" "374" "34.14" "171" "2499609000" "9999.95" "0.01"
"00721B" "元大中國債3-5" "45.81" "0.00" "45.81" "45.81" "45.81" "3000" "137430" "3" "45.69" "1" "45.74" "1" "4622000" "9999.95" "0.01"
"00722B" "群益投資級電信債" "36.31" "+0.01" "36.31" "36.37" "36.24" "4515000" "163944290" "909" "36.30" "168" "36.31" "385" "1220239000" "9999.95" "0.01"
"00723B" "群益投資級科技債" "33.18" "-0.06" "33.27" "33.27" "33.18" "102000" "3385450" "6" "33.15" "20" "33.17" "2" "1254583000" "9999.95" "0.01"
"00724B" "群益投資級金融債" "33.24" "-0.05" "33.13" "33.30" "33.13" "4112000" "136680630" "159" "33.23" "22" "33.24" "37" "2798775000" "9999.95" "0.01"
"00725B" "國泰投資級公司債" "36.23" "-0.07" "36.25" "36.35" "36.21" "3024000" "109689830" "617" "36.22" "349" "36.23" "175" "2269206000" "9999.95" "0.01"
"00726B" "國泰5Y+新興債" "33.98" "-0.14" "33.94" "34.02" "33.94" "279000" "9479650" "56" "33.98" "4" "33.99" "178" "1131489000" "9999.95" "0.01"
"00727B" "國泰1-5Y非投等債" "38.50" "-0.02" "38.60" "38.60" "38.48" "130000" "5011500" "21" "38.52" "1" "38.53" "1" "97189000" "9999.95" "0.01"
"00734B" "台新JPM新興債" "15.77" "-0.03" "15.79" "15.79" "15.75" "1022000" "16097310" "15" "15.76" "4" "15.77" "29" "31479000" "9999.95" "0.01"
"00740B" "富邦全球投等債" "38.76" "-0.07" "38.80" "38.87" "38.76" "4698000" "182339000" "192" "38.76" "2" "38.77" "43" "1130971000" "9999.95" "0.01"
"00741B" "富邦全球非投等債" "37.36" "+0.08" "37.35" "37.38" "37.33" "172000" "6426310" "16" "37.34" "10" "37.35" "2" "11128000" "9999.95" "0.01"
"00744B" "國泰中國政金債5+" "42.07" "-0.03" "42.06" "42.12" "42.06" "163000" "6858760" "7" "42.00" "31" "42.01" "2" "1728000" "9999.95" "0.01"
"00746B" "富邦A級公司債" "36.16" "0.00" "36.17" "36.19" "36.16" "343000" "12407740" "25" "36.14" "3" "36.18" "20" "2053464000" "9999.95" "0.01"
"00749B" "凱基新興債10+" "31.98" "-0.16" "31.98" "31.98" "31.98" "101000" "3229980" "3" "31.96" "3" "31.98" "2" "952000000" "9999.95" "0.01"
"00750B" "凱基科技債10+" "34.44" "0.00" "34.44" "34.44" "34.44" "101000" "3478440" "3" "34.40" "5" "34.43" "1" "125500000" "9999.95" "0.01"
"00751B" "元大AAA至A公司債" "34.13" "-0.05" "34.15" "34.21" "34.13" "14703000" "502210320" "4025" "34.13" "695" "34.14" "215" "2837103000" "9999.95" "0.01"
"00754B" "群益AAA-AA公司債" "36.46" "-0.09" "36.47" "36.56" "36.46" "180000" "6568830" "49" "36.45" "6" "36.46" "1" "421400000" "9999.95" "0.01"
"00755B" "群益投資級公用債" "33.82" "-0.03" "33.81" "33.90" "33.80" "297000" "10048490" "61" "33.81" "1" "33.82" "2" "169230000" "9999.95" "0.01"
"00756B" "群益投等新興公債" "33.29" "-0.23" "33.36" "33.40" "33.27" "572000" "19069820" "153" "33.28" "3" "33.29" "16" "1160800000" "9999.95" "0.01"
"00758B" "復華能源債" "51.35" "0.00" "51.40" "51.40" "51.35" "112000" "5751800" "3" "51.25" "88" "51.40" "34" "5525000" "9999.95" "0.01"
"00759B" "復華製藥債" "56.10" "-0.05" "56.10" "56.20" "56.10" "169000" "9481200" "7" "56.00" "95" "56.05" "2" "47525000" "9999.95" "0.01"
"00760B" "復華新興企業債" "53.65" "-0.25" "53.85" "53.85" "53.65" "212000" "11386600" "41" "53.65" "22" "53.70" "76" "376520000" "9999.95" "0.01"
"00761B" "國泰A級公司債" "36.25" "-0.11" "36.29" "36.40" "36.25" "1125000" "40848810" "97" "36.24" "14" "36.26" "51" "2416089000" "9999.95" "0.01"
"00764B" "群益25年美債" "31.50" "-0.10" "31.55" "31.62" "31.50" "4700000" "148218050" "818" "31.50" "8" "31.51" "672" "877500000" "9999.95" "0.01"
"00768B" "復華20年美債" "54.25" "0.00" "54.40" "54.40" "54.20" "112000" "6076100" "5" "54.20" "1" "54.25" "123" "332600000" "9999.95" "0.01"
"00772B" "中信高評級公司債" "35.04" "-0.04" "35.08" "35.11" "35.02" "15449000" "541571800" "3687" "35.04" "99" "35.05" "660" "3163790000" "9999.95" "0.01"
"00773B" "中信優先金融債" "35.74" "-0.05" "35.80" "35.83" "35.73" "4551000" "162765860" "657" "35.74" "197" "35.75" "181" "2348290000" "9999.95" "0.01"
"00777B" "凱基AAA至A公司債" "34.57" "-0.07" "34.63" "34.63" "34.55" "204000" "7050520" "8" "34.50" "1" "34.55" "2" "1436650000" "9999.95" "0.01"
"00778B" "凱基金融債20+" "35.23" "-0.03" "35.20" "35.23" "35.20" "101000" "3555230" "3" "35.10" "2" "35.23" "2" "1233150000" "9999.95" "0.01"
"00779B" "凱基美債25+" "31.89" "-0.11" "31.89" "31.89" "31.89" "106000" "3380340" "7" "31.88" "2" "31.90" "19" "846650000" "9999.95" "0.01"
"00780B" "國泰A級金融債" "36.12" "-0.07" "36.05" "36.20" "36.04" "495000" "17888440" "49" "36.11" "54" "36.12" "5" "271102000" "9999.95" "0.01"
"00781B" "國泰A級科技債" "32.53" "-0.05" "32.55" "32.57" "32.53" "264000" "8593700" "17" "32.51" "50" "32.54" "40" "4336000" "9999.95" "0.01"
"00782B" "國泰A級公用債" "32.01" "-0.10" "32.04" "32.12" "32.01" "417000" "13363040" "167" "32.01" "7" "32.02" "30" "20967000" "9999.95" "0.01"
"00784B" "富邦中國投等債" "37.04" "-0.06" "37.10" "37.10" "37.04" "100000" "3707000" "4" "36.91" "42" "37.03" "10" "2993000" "9999.95" "0.01"
"00785B" "富邦金融投等債" "34.45" "-0.08" "34.52" "34.52" "34.43" "102000" "3517360" "5" "34.38" "30" "34.44" "1" "843966000" "9999.95" "0.01"
"00786B" "元大10年IG銀行債" "33.51" "-0.14" "33.52" "33.58" "33.47" "550000" "18438650" "127" "33.51" "7" "33.52" "46" "16066000" "9999.95" "0.01"
"00787B" "元大10年IG醫療債" "34.36" "-0.08" "34.38" "34.43" "34.36" "152000" "5226350" "20" "34.33" "10" "34.36" "30" "9306000" "9999.95" "0.01"
"00788B" "元大10年IG電能債" "31.18" "-0.07" "31.20" "31.25" "31.17" "227000" "7081130" "85" "31.17" "26" "31.18" "18" "17206000" "9999.95" "0.01"
"00789B" "復華公司債A3" "51.20" "0.00" "51.20" "51.20" "51.20" "100000" "5120000" "2" "51.10" "1" "51.15" "2" "159600000" "9999.95" "0.01"
"00790B" "復華次順位金融債" "52.30" "-0.15" "52.30" "52.30" "52.30" "100000" "5230000" "2" "52.05" "1" "52.45" "11" "2100000" "9999.95" "0.01"
"00791B" "復華信用債1-5" "54.35" "-0.05" "54.35" "54.35" "54.35" "102000" "5543700" "6" "54.00" "111" "54.20" "2" "253600000" "9999.95" "0.01"
"00792B" "群益A級公司債" "33.17" "-0.03" "33.29" "33.29" "33.17" "136000" "4515350" "7" "33.17" "2" "33.18" "1" "1432615000" "9999.95" "0.01"
"00793B" "群益AAA-A醫療債" "32.77" "-0.05" "32.78" "32.78" "32.77" "101000" "3310770" "3" "32.72" "2" "32.77" "20" "3526000" "9999.95" "0.01"
"00794B" "群益7+中國政金債" "39.92" "+0.01" "40.07" "40.07" "39.91" "229000" "9152650" "20" "39.90" "45" "39.91" "2" "39187000" "9999.95" "0.01"
"00795B" "中信美國公債20年" "30.92" "-0.08" "30.99" "31.01" "30.91" "17216000" "532836810" "3404" "30.91" "200" "30.92" "532" "679098000" "9999.95" "0.01"
"00799B" "國泰A級醫療債" "33.04" "-0.11" "32.99" "33.20" "32.99" "220000" "7269870" "63" "33.04" "1" "33.05" "23" "6036000" "9999.95" "0.01"
"00831B" "新光美債1-3" "38.75" "-0.05" "38.75" "38.75" "38.75" "2000" "77500" "2" "38.68" "10" "38.89" "10" "14100000" "9999.95" "0.01"
"00834B" "第一金金融債10+" "33.47" "-0.07" "33.51" "33.51" "33.47" "105000" "3514550" "4" "33.48" "47" "33.49" "2" "22198000" "9999.95" "0.01"
"00836B" "永豐10年A公司債" "30.47" "-0.06" "30.53" "30.53" "30.47" "105000" "3202470" "5" "30.48" "96" "30.49" "1" "462041000" "9999.95" "0.01"
"00840B" "凱基IG精選15+" "31.55" "-0.04" "31.55" "31.55" "31.55" "100000" "3155000" "2" "31.47" "11" "31.53" "2" "59931000" "9999.95" "0.01"
"00841B" "凱基AAA-AA公司債" "31.37" "-0.01" "31.38" "31.38" "31.37" "104000" "3262500" "7" "31.32" "1" "31.36" "2" "53940000" "9999.95" "0.01"
"00842B" "台新美元銀行債" "32.12" "-0.05" "32.15" "32.15" "32.10" "112000" "3596530" "9" "32.08" "26" "32.13" "15" "9267000" "9999.95" "0.01"
"00844B" "新光15年IG金融債" "32.00" "-0.05" "32.00" "32.00" "32.00" "2000" "64000" "2" "31.88" "5" "32.05" "5" "285675000" "9999.95" "0.01"
"00845B" "富邦新興投等債" "32.39" "-0.05" "32.34" "32.39" "32.29" "103000" "3333020" "5" "32.28" "30" "32.39" "19" "201551000" "9999.95" "0.01"
"00846B" "富邦歐洲銀行債" "34.07" "-0.01" "34.07" "34.07" "34.07" "100000" "3407000" "4" "34.00" "25" "34.08" "2" "87850000" "9999.95" "0.01"
"00847B" "中信美國市政債" "27.69" "-0.05" "27.72" "27.72" "27.60" "219000" "6064340" "10" "27.67" "1" "27.68" "3" "10305000" "9999.95" "0.01"
"00848B" "中信新興亞洲債" "34.40" "-0.10" "34.45" "34.45" "34.40" "103000" "3545730" "5" "34.39" "3" "34.40" "2" "146066000" "9999.95" "0.01"
"00849B" "中信EM主權債0-5" "36.77" "+0.02" "36.83" "36.83" "36.77" "102000" "3752660" "6" "36.76" "3" "36.77" "1" "525106000" "9999.95" "0.01"
"00853B" "統一美債10年Aa-A" "28.93" "-0.03" "28.92" "29.00" "28.92" "1304000" "37752350" "57" "28.93" "7" "28.94" "1" "54634000" "9999.95" "0.01"
"00856B" "永豐1-3年美公債" "38.39" "-0.04" "38.39" "38.47" "38.37" "294000" "11291230" "15" "38.38" "86" "38.40" "118" "7792000" "9999.95" "0.01"
"00857B" "永豐20年美公債" "26.43" "-0.06" "26.44" "26.51" "26.42" "2367000" "62613790" "306" "26.43" "8" "26.44" "200" "91768000" "9999.95" "0.01"
"00858" "永豐美國500大" "27.44" "+0.22" "27.43" "27.50" "27.43" "397000" "10911150" "47" "27.43" "116" "27.45" "3" "13374000" "9999.95" "0.01"
"00859B" "群益0-1年美債" "41.35" "+0.02" "41.33" "41.39" "41.30" "219000" "9055440" "23" "41.35" "21" "41.37" "115" "8011000" "9999.95" "0.01"
"00860B" "群益1-5Y投資級債" "38.24" "-0.04" "38.23" "38.27" "38.22" "149000" "5696330" "14" "38.22" "83" "38.24" "87" "3171000" "9999.95" "0.01"
"00862B" "中信投資級公司債" "31.58" "-0.04" "31.61" "31.65" "31.57" "1122000" "35438680" "53" "31.57" "2" "31.58" "172" "535381000" "9999.95" "0.01"
"00863B" "中信全球電信債" "31.89" "-0.09" "31.95" "31.98" "31.89" "133000" "4246760" "12" "31.89" "11" "31.90" "2" "480964000" "9999.95" "0.01"
"00864B" "中信美國公債0-1" "43.33" "+0.01" "43.32" "43.38" "43.32" "280000" "12134240" "32" "43.33" "1" "43.34" "10" "43722000" "9999.95" "0.01"
"00867B" "新光A-BBB電信債" "31.28" "-0.04" "31.26" "31.31" "31.26" "335000" "10480200" "18" "31.26" "4" "31.28" "46" "487650000" "9999.95" "0.01"
"00870B" "元大15年EM主權債" "29.74" "-0.12" "29.73" "29.74" "29.72" "28000" "832450" "5" "29.73" "3" "29.74" "52" "456151000" "9999.95" "0.01"
"00877" "復華中國5G" "10.77" "-0.05" "10.91" "11.06" "10.76" "860000" "9363960" "180" "10.76" "26" "10.77" "101" "318288000" "9999.95" "0.01"
"00883B" "中信ESG投資級債" "31.36" "-0.02" "31.40" "31.40" "31.33" "220000" "6895310" "11" "31.29" "26" "31.34" "11" "8258000" "9999.95" "0.01"
"00884B" "中信低碳新興債" "30.59" "-0.23" "30.63" "30.64" "30.58" "220000" "6731860" "11" "30.57" "1" "30.58" "4" "26440000" "9999.95" "0.01"
"00886" "永豐美國科技" "24.63" "+0.51" "24.59" "24.65" "24.59" "111000" "2733400" "29" "24.63" "42" "24.66" "38" "11951000" "9999.95" "0.01"
"00887" "永豐中國科技50大" "13.31" "-0.06" "13.44" "13.44" "13.31" "80000" "1068970" "33" "13.30" "5" "13.32" "10" "19351000" "9999.95" "0.01"
"00888" "永豐台灣ESG" "13.70" "+0.01" "13.73" "13.78" "13.68" "2690000" "36917530" "1049" "13.69" "99" "13.70" "5" "661978000" "15.07" "12.33"
"00890B" "凱基ESG BBB債15+" "32.81" "-0.07" "32.81" "32.85" "32.80" "403000" "13226690" "48" "32.80" "12" "32.81" "41" "22764000" "9999.95" "0.01"
"00928" "中信上櫃ESG 30" "14.59" "+0.03" "14.70" "14.74" "14.54" "1024000" "14956060" "156" "14.58" "56" "14.59" "67" "41856000" "16.04" "13.14"
"00931B" "統一美債20年" "14.92" "-0.03" "14.92" "14.95" "14.91" "23342000" "348374790" "5638" "14.91" "3230" "14.92" "875" "764898000" "9999.95" "0.01"
"1240" "茂生農經" "46.95" "-0.25" "47.25" "47.45" "46.95" "44000" "2075350" "34" "46.95" "7" "47.05" "1" "38598194" "51.60" "42.30"
"1259" "安心" "74.60" "+0.10" "74.50" "75.00" "74.50" "7000" "522200" "6" "74.50" "3" "74.70" "2" "32389500" "82.00" "67.20"
"1264" "德麥" "287.00" "0.00" "287.00" "288.00" "287.00" "12000" "3445000" "11" "287.00" "1" "287.50" "2" "37064367" "315.50" "258.50"
"1268" "漢來美食" "153.00" "+1.00" "151.50" "156.00" "151.50" "179000" "27433000" "163" "153.00" "3" "153.50" "3" "42723730" "168.00" "138.00"
"1336" "台翰" "22.15" "+0.05" "22.05" "22.20" "22.00" "71000" "1567250" "40" "22.10" "4" "22.20" "1" "78818419" "24.35" "19.95"
"1565" "精華" "212.00" "+0.50" "212.50" "212.50" "210.00" "256000" "54193000" "137" "212.00" "3" "212.50" "19" "50416516" "233.00" "191.00"
"1569" "濱川" "24.05" "+0.25" "23.75" "24.10" "23.75" "231000" "5523500" "92" "24.00" "2" "24.05" "6" "121447441" "26.45" "21.65"
"1570" "力肯" "19.10" "+0.10" "19.10" "19.10" "18.90" "61000" "1160600" "33" "19.10" "2" "19.15" "2" "51500839" "21.00" "17.20"
"1580" "新麥" "123.50" "+1.00" "122.50" "124.00" "115.50" "570000" "68731000" "417" "123.50" "17" "124.00" "8" "50230242" "135.50" "111.50"
"1584" "精剛" "31.55" "+0.20" "31.30" "31.85" "31.30" "1812000" "57217000" "834" "31.50" "11" "31.55" "14" "192470533" "34.70" "28.40"
"1586" "和勤" "31.30" "+0.05" "31.25" "31.30" "30.35" "170000" "5248150" "139" "31.25" "1" "31.30" "8" "85898813" "34.40" "28.20"
"1591" "駿吉-KY" "40.85" "-0.15" "41.30" "41.60" "40.70" "626000" "25690850" "279" "40.80" "20" "40.85" "11" "34798047" "44.90" "36.80"
"1593" "祺驊" "69.10" "-0.10" "71.60" "71.60" "68.60" "13000" "906500" "13" "69.00" "1" "69.30" "2" "39782819" "76.00" "62.20"
"1595" "川寶" "38.25" "-0.15" "38.40" "38.40" "38.20" "55000" "2106300" "37" "38.20" "2" "38.40" "2" "47422634" "42.05" "34.45"
"1599" "宏佳騰" "36.00" "-0.20" "36.10" "36.20" "35.95" "59000" "2124950" "54" "35.95" "13" "36.00" "11" "74528764" "39.60" "32.40"
"1742" "台蠟" "16.25" "0.00" "16.15" "16.40" "16.00" "170000" "2754900" "101" "16.25" "3" "16.30" "5" "93559300" "17.85" "14.65"
"1777" "生泰" "85.60" "+0.80" "85.50" "86.00" "84.60" "24000" "2048700" "20" "84.90" "2" "85.60" "1" "44591713" "94.10" "77.10"
"1781" "合世" "12.75" "+0.45" "12.30" "12.80" "12.10" "12000" "148350" "11" "12.40" "3" "12.75" "1" "47407605" "14.00" "11.50"
"1784" "訊聯" "65.60" "-0.60" "66.90" "67.90" "65.60" "609000" "40598700" "439" "65.60" "2" "65.80" "5" "49626924" "72.10" "59.10"
"1785" "光洋科" "35.50" "+0.50" "35.15" "35.60" "35.10" "1316000" "46563450" "785" "35.50" "14" "35.55" "5" "596798243" "39.05" "31.95"
"1788" "杏昌" "140.00" "-0.50" "140.50" "140.50" "139.50" "15000" "2100500" "15" "139.50" "9" "140.00" "3" "44520971" "154.00" "126.00"
"1796" "金穎生技" "89.80" "+2.60" "90.00" "90.40" "88.60" "111000" "9886700" "91" "89.20" "2" "89.90" "1" "41459793" "98.70" "80.90"
"1799" "易威" "21.95" "+0.35" "21.80" "22.00" "21.80" "6000" "131400" "6" "21.90" "5" "22.20" "2" "114365775" "24.10" "19.80"
"1813" "寶利徠" "19.20" "+0.15" "19.35" "19.35" "18.80" "14000" "265650" "10" "19.05" "2" "19.15" "1" "46635510" "21.10" "17.30"
"1815" "富喬" "13.15" "+0.25" "13.10" "13.25" "13.00" "1986000" "26098800" "801" "13.10" "37" "13.15" "16" "441367438" "14.45" "11.85"
"02001B" "統一美國政府債N" "----" "---" "----" "----" "----" "0" "0" "0" "7.99" "351" "8.00" "302" "20000000" "9999.95" "0.01"
"02002L" "兆豐富櫃200正二N" "5.53" "+0.13" "5.55" "5.55" "5.46" "31000" "170380" "10" "5.50" "111" "5.53" "132" "40000000" "6.63" "4.43"
"2035" "唐榮" "31.70" "-0.05" "31.75" "31.75" "31.70" "7000" "221950" "6" "31.70" "4" "31.90" "5" "350000000" "34.85" "28.55"
"2061" "風青" "16.10" "-1.00" "17.05" "17.05" "16.00" "401000" "6509900" "200" "16.05" "21" "16.10" "3" "47108290" "17.70" "14.50"
"2063" "世鎧" "50.00" "0.00" "50.00" "50.30" "50.00" "46000" "2301500" "27" "49.95" "5" "50.00" "6" "49599530" "55.00" "45.00"
"2064" "晉椿" "16.30" "+0.05" "16.35" "16.65" "16.30" "4000" "65850" "4" "16.25" "4" "16.35" "1" "69630000" "17.90" "14.70"
"2065" "世豐" "55.80" "-0.10" "55.90" "55.90" "55.40" "134000" "7450600" "90" "55.70" "3" "55.80" "10" "52353832" "61.30" "50.30"
"2066" "世德" "83.30" "+1.40" "83.50" "84.50" "82.80" "256000" "21366800" "170" "83.30" "4" "83.40" "4" "41538156" "91.60" "75.00"
"2067" "嘉鋼" "13.40" "+0.10" "13.70" "13.70" "13.40" "9000" "121650" "9" "13.35" "1" "13.45" "3" "45138177" "14.70" "12.10"
"2070" "精湛" "30.35" "+0.15" "30.50" "30.50" "30.00" "14000" "424050" "12" "30.05" "2" "30.35" "2" "35782800" "33.35" "27.35"
"2073" "雄順" "30.70" "+0.70" "30.00" "30.70" "30.00" "33000" "992400" "25" "30.10" "1" "30.60" "1" "27500000" "33.75" "27.65"
"2221" "大甲" "33.55" "+0.05" "33.55" "34.10" "33.10" "181000" "6067200" "115" "33.55" "4" "33.60" "1" "42325000" "36.90" "30.20"
"2230" "泰茂" "86.50" "+3.30" "84.50" "86.80" "83.60" "190000" "16231300" "142" "86.50" "3" "86.70" "1" "47635939" "95.10" "77.90"
"2235" "謚源" "42.40" "+0.30" "42.50" "42.50" "42.40" "5000" "212250" "5" "42.35" "1" "42.65" "2" "35878000" "46.60" "38.20"
"2596" "綠意" "21.35" "+0.10" "21.35" "21.40" "21.20" "58000" "1234250" "37" "21.30" "2" "21.35" "8" "100000000" "23.45" "19.25"
"2640" "大車隊" "108.50" "+1.00" "107.50" "109.00" "104.50" "271000" "29305500" "105" "108.50" "3" "109.00" "19" "59264956" "119.00" "97.70"
"2641" "正德" "15.40" "+0.15" "15.20" "15.45" "15.20" "415000" "6365250" "219" "15.40" "19" "15.45" "18" "270030511" "16.90" "13.90"
"2643" "捷迅" "66.80" "+0.40" "66.30" "66.80" "65.80" "42000" "2782200" "29" "66.70" "1" "66.80" "8" "30000000" "73.40" "60.20"
"2718" "晶悅" "45.95" "-0.80" "46.75" "46.75" "45.95" "25000" "1155250" "20" "45.70" "2" "46.60" "1" "87576000" "50.50" "41.40"
"2719" "燦星旅" "69.50" "+0.30" "69.10" "71.00" "69.10" "119000" "8314000" "103" "69.50" "1" "69.70" "2" "68742100" "76.40" "62.60"
"2724" "富驛-KY" "14.25" "0.00" "14.25" "14.25" "14.25" "1000" "14250" "1" "13.20" "2" "14.45" "1" "59656345" "15.65" "12.85"
"2726" "雅茗-KY" "24.00" "-0.30" "24.00" "24.35" "23.95" "53000" "1275100" "46" "24.00" "2" "24.15" "1" "35785216" "26.40" "21.60"
"2729" "瓦城" "279.00" "+13.50" "268.00" "286.00" "266.00" "334000" "92659500" "294" "279.00" "2" "281.00" "6" "35943894" "306.50" "251.50"
"2732" "六角" "133.50" "+4.00" "131.00" "133.50" "130.00" "189000" "24924000" "150" "132.00" "7" "134.00" "7" "46468070" "146.50" "120.50"
"2734" "易飛網" "45.60" "-0.20" "47.05" "47.05" "45.30" "441000" "20293600" "307" "45.60" "7" "45.70" "1" "42259760" "50.10" "41.05"
"2736" "富野" "34.00" "0.00" "34.00" "34.60" "33.65" "830000" "28200850" "495" "33.80" "8" "34.00" "12" "48992383" "37.40" "30.60"
"2740" "天蔥" "----" "---" "----" "----" "----" "0" "0" "0" "38.50" "1" "40.80" "2" "23185484" "42.35" "34.65"
"2743" "山富" "106.00" "-7.00" "111.00" "111.00" "105.00" "964000" "103513000" "542" "106.00" "4" "106.50" "25" "36011700" "116.50" "95.40"
"2745" "五福" "84.30" "-1.30" "85.70" "87.70" "83.00" "811000" "68740500" "651" "83.50" "7" "84.30" "1" "33808526" "92.70" "75.90"
"2752" "豆府" "257.00" "-6.00" "253.00" "265.00" "253.00" "21000" "5365000" "18" "257.00" "2" "260.00" "1" "26267382" "282.50" "231.50"
"2754" "亞洲藏壽司" "156.00" "+6.00" "150.00" "156.00" "150.00" "116000" "17772000" "109" "155.50" "1" "156.00" "1" "46717000" "171.50" "140.50"
"2755" "揚秦" "109.50" "+1.00" "111.00" "111.50" "109.00" "46000" "5074000" "40" "109.50" "3" "111.00" "4" "30140000" "120.00" "98.60"
"2756" "聯發國際" "119.50" "+0.50" "119.00" "119.50" "119.00" "31000" "3695000" "23" "119.00" "1" "119.50" "1" "20452350" "131.00" "108.00"
"2916" "滿心" "45.25" "-1.25" "46.50" "46.50" "45.00" "250000" "11414800" "192" "45.20" "12" "45.45" "4" "54626878" "49.75" "40.75"
"2924" "宏太-KY" "28.55" "+0.05" "30.70" "30.70" "27.00" "9000" "251350" "8" "26.95" "1" "28.60" "1" "32805174" "31.40" "25.70"
"2926" "誠品生活" "----" "---" "----" "----" "----" "0" "0" "0" "62.60" "1" "62.80" "2" "47389650" "68.80" "56.40"
"2937" "集雅社" "29.85" "-0.15" "29.90" "29.90" "29.85" "22000" "656900" "10" "29.80" "12" "29.90" "2" "38182967" "32.80" "26.90"
"2947" "振宇五金" "----" "---" "----" "----" "----" "0" "0" "0" "88.60" "1" "89.80" "1" "19268600" "97.90" "80.10"
"3064" "泰偉" "----" "---" "----" "----" "----" "0" "0" "0" "13.80" "1" "13.85" "1" "43371502" "15.15" "12.45"
"3066" "李洲" "17.60" "+0.10" "18.00" "18.00" "17.60" "42000" "746650" "17" "17.80" "1" "17.95" "3" "83070612" "19.35" "15.85"
"3067" "全域" "39.20" "+0.15" "39.10" "39.20" "39.10" "44000" "1720500" "3" "39.25" "1" "40.00" "3" "20000000" "43.10" "35.30"
"3071" "協禧" "35.80" "+0.30" "36.00" "36.50" "35.65" "1059000" "38120900" "710" "35.80" "7" "35.85" "12" "110000000" "39.35" "32.25"
"3073" "天方能源" "31.80" "-2.70" "34.50" "34.95" "31.75" "39000" "1259000" "38" "31.80" "2" "32.10" "1" "32099556" "34.95" "28.65"
"3078" "僑威" "84.80" "+2.40" "83.70" "88.00" "83.50" "39138000" "3356396000" "22641" "84.70" "81" "84.80" "7" "227391064" "93.20" "76.40"
"3081" "聯亞" "94.00" "+1.40" "93.50" "95.40" "93.30" "581000" "54758700" "440" "94.00" "8" "94.10" "1" "91861677" "103.00" "84.60"
"3083" "網龍" "42.95" "+1.30" "41.80" "43.25" "41.80" "275000" "11741300" "207" "42.95" "3" "43.00" "1" "86433608" "47.20" "38.70"
"3085" "新零售" "17.90" "-0.55" "17.95" "17.95" "16.95" "12000" "207050" "9" "16.95" "2" "17.90" "1" "29019288" "19.65" "16.15"
"3086" "華義" "67.30" "+0.30" "66.10" "68.00" "66.10" "4000" "267500" "4" "65.20" "1" "67.60" "1" "22274810" "74.00" "60.60"
"3088" "艾訊" "97.70" "+1.20" "98.00" "99.00" "97.20" "749000" "73499400" "569" "97.70" "4" "97.80" "2" "92064484" "107.00" "88.00"
"3093" "港建*" "31.50" "+0.45" "31.05" "31.80" "31.05" "70000" "2193150" "45" "31.50" "2" "31.60" "11" "145155576" "34.65" "28.35"
"3095" "及成" "24.50" "-0.15" "23.85" "24.50" "23.85" "2000" "48350" "2" "23.10" "2" "24.60" "1" "10000000" "26.95" "22.05"
"3105" "穩懋" "135.00" "-3.50" "139.00" "140.00" "135.00" "5834000" "794694500" "4069" "135.00" "313" "135.50" "33" "423940384" "148.50" "121.50"
"3114" "好德" "25.90" "0.00" "26.50" "26.50" "25.80" "96000" "2496000" "58" "25.85" "3" "25.90" "4" "65129792" "28.45" "23.35"
"3115" "富榮綱" "10.60" "0.00" "10.55" "10.60" "10.55" "12000" "126950" "6" "10.55" "1" "10.70" "1" "43697600" "11.65" "9.54"
"3118" "進階" "30.00" "-0.15" "30.15" "30.30" "30.00" "64000" "1929800" "52" "30.00" "8" "30.10" "1" "32452860" "33.00" "27.00"
"3122" "笙泉" "23.90" "+0.35" "24.10" "24.90" "23.75" "142000" "3453700" "80" "23.90" "4" "24.20" "1" "39608934" "26.25" "21.55"
"3128" "昇銳" "33.05" "+0.25" "33.20" "33.65" "32.90" "141000" "4684500" "105" "33.00" "12" "33.10" "1" "42000000" "36.35" "29.75"
"3131" "弘塑" "504.00" "-6.00" "521.00" "526.00" "504.00" "867000" "445873000" "780" "503.00" "8" "506.00" "14" "29216015" "554.00" "454.00"
"3141" "晶宏" "86.90" "+2.80" "85.70" "87.40" "85.00" "668000" "57664000" "504" "86.80" "1" "86.90" "1" "75096978" "95.50" "78.30"
"3147" "大綜" "75.70" "+0.20" "76.70" "76.90" "75.70" "107000" "8150500" "82" "75.70" "7" "75.90" "3" "39006099" "83.20" "68.20"
"3152" "璟德" "186.50" "+0.50" "187.00" "188.00" "186.00" "36000" "6712000" "27" "186.00" "2" "187.00" "4" "69016200" "205.00" "168.00"
"3162" "精確" "50.10" "+2.00" "48.40" "51.40" "48.40" "2446000" "122720450" "1571" "50.10" "36" "50.20" "1" "130819342" "55.10" "45.10"
"3163" "波若威" "92.40" "+7.20" "88.90" "93.70" "87.20" "27854000" "2524592800" "16157" "92.30" "39" "92.40" "199" "75286899" "101.50" "83.20"
"3169" "亞信" "101.50" "+0.50" "101.50" "103.00" "101.50" "151000" "15413500" "133" "101.50" "1" "102.00" "3" "62776981" "111.50" "91.40"
"3171" "新洲" "18.25" "0.00" "18.25" "18.45" "18.15" "15000" "273200" "14" "18.15" "1" "18.40" "10" "66703515" "20.05" "16.45"
"3176" "基亞" "31.50" "0.00" "31.70" "31.95" "31.50" "63000" "1988050" "52" "31.45" "3" "31.55" "3" "139446255" "34.65" "28.35"
"3178" "公準" "87.10" "+1.00" "86.90" "88.30" "86.80" "78000" "6812300" "62" "87.10" "1" "87.30" "2" "45050000" "95.80" "78.40"
"3188" "鑫龍騰" "14.40" "除息" "14.25" "14.45" "14.15" "147000" "2107800" "69" "14.35" "3" "14.40" "6" "186309876" "15.80" "13.00"
"3191" "和進" "14.20" "+1.15" "12.35" "14.30" "12.35" "156000" "2107200" "49" "14.00" "1" "14.20" "13" "87194761" "15.60" "12.80"
"3202" "樺晟" "16.05" "0.00" "16.40" "16.45" "15.95" "665000" "10675750" "230" "16.05" "1" "16.10" "5" "122044870" "17.65" "14.45"
"3205" "佰研" "44.60" "+1.15" "44.80" "44.85" "43.55" "387000" "17123650" "269" "44.55" "14" "44.65" "2" "32545631" "49.05" "40.15"
"3206" "志豐" "47.00" "-0.30" "47.60" "47.75" "45.90" "1747000" "81696900" "1176" "47.00" "1" "47.05" "5" "58916621" "51.70" "42.30"
"3207" "耀勝" "78.40" "+1.00" "77.60" "78.70" "77.60" "939000" "73440200" "648" "78.30" "4" "78.40" "13" "60770341" "86.20" "70.60"
"3211" "順達" "79.60" "-0.60" "80.60" "80.60" "79.40" "227000" "18137600" "157" "79.60" "13" "79.70" "3" "150596021" "87.50" "71.70"
"3213" "茂訊" "62.10" "-5.40" "66.30" "67.30" "61.70" "3295000" "208592300" "2224" "62.00" "70" "62.10" "3" "58685547" "68.30" "55.90"
"3217" "優群" "124.50" "+3.50" "123.50" "125.50" "122.50" "1330000" "165129500" "994" "124.00" "34" "124.50" "12" "90104203" "136.50" "112.50"
"3218" "大學光" "378.50" "-2.00" "382.00" "382.50" "377.00" "235000" "89259000" "205" "378.50" "1" "379.00" "2" "79929150" "416.00" "341.00"
"3219" "倚強科" "53.30" "+2.30" "51.00" "53.50" "51.00" "9000" "468800" "8" "51.70" "1" "52.90" "2" "70361238" "58.60" "48.00"
"3221" "台嘉碩" "25.70" "+0.05" "25.80" "26.00" "25.60" "193000" "4970150" "128" "25.65" "11" "25.70" "11" "104029410" "28.25" "23.15"
"3224" "三顧" "43.35" "+1.45" "43.00" "43.85" "42.30" "401000" "17310300" "280" "43.35" "2" "43.40" "13" "68172648" "47.65" "39.05"
"3226" "至寶電" "60.80" "+0.20" "60.80" "60.80" "60.80" "2000" "121600" "2" "57.20" "1" "60.80" "1" "64430573" "66.80" "54.80"
"3227" "原相" "110.50" "+1.50" "110.00" "112.50" "110.00" "496000" "55124000" "421" "110.50" "3" "111.00" "3" "146121891" "121.50" "99.50"
"3228" "金麗科" "110.50" "+4.50" "108.00" "110.50" "106.50" "934000" "101886000" "626" "110.00" "8" "110.50" "4" "67792705" "121.50" "99.50"
"3230" "錦明" "11.70" "0.00" "11.45" "11.70" "10.80" "518000" "5792600" "239" "11.65" "5" "11.75" "4" "71010900" "12.85" "10.55"
"3232" "昱捷" "23.25" "+0.10" "23.45" "23.50" "23.05" "70000" "1629250" "58" "23.15" "5" "23.25" "2" "46567865" "25.55" "20.95"
"3234" "光環" "25.00" "+0.50" "24.60" "25.20" "24.60" "445000" "11103850" "230" "24.95" "6" "25.00" "8" "96474692" "27.50" "22.50"
"3236" "千如" "25.30" "+0.15" "25.45" "25.50" "25.25" "72000" "1827600" "62" "25.30" "3" "25.35" "1" "92920896" "27.80" "22.80"
"3252" "海灣" "20.10" "+0.15" "19.45" "20.20" "19.45" "239000" "4749000" "124" "20.10" "5" "20.15" "4" "50195754" "22.10" "18.10"
"3259" "鑫創" "21.20" "+0.10" "21.10" "21.45" "21.00" "112000" "2357200" "41" "21.05" "5" "21.45" "1" "74687642" "23.30" "19.10"
"3260" "威剛" "77.00" "+2.70" "75.50" "77.30" "75.30" "3185000" "244107600" "2068" "76.80" "14" "77.00" "18" "263465448" "84.70" "69.30"
"3264" "欣銓" "58.40" "+1.10" "58.00" "58.60" "57.50" "3239000" "188178800" "1763" "58.40" "19" "58.50" "21" "490170076" "64.20" "52.60"
"3265" "台星科" "81.00" "+1.70" "80.00" "82.00" "80.00" "1392000" "112751400" "1061" "81.00" "24" "81.20" "1" "136261659" "89.10" "72.90"
"3268" "海德威" "20.85" "0.00" "20.80" "20.85" "20.75" "10000" "208100" "10" "20.85" "2" "20.90" "1" "33426272" "22.90" "18.80"
"3272" "東碩" "34.00" "+0.60" "33.40" "34.10" "33.40" "94000" "3181800" "77" "33.95" "1" "34.00" "2" "61168018" "37.40" "30.60"
"3276" "宇環" "13.55" "0.00" "13.60" "13.95" "13.55" "64000" "876250" "40" "13.50" "6" "13.60" "3" "69712666" "14.90" "12.20"
"3284" "太普高" "16.55" "+0.15" "16.55" "16.55" "16.35" "47000" "772300" "27" "16.45" "2" "16.55" "2" "87961790" "18.20" "14.90"
"3285" "微端" "21.50" "+0.40" "21.70" "21.70" "21.30" "6000" "129250" "6" "21.20" "1" "21.30" "2" "42735324" "23.65" "19.35"
"3287" "廣寰科" "24.80" "+0.30" "24.50" "25.40" "24.50" "507000" "12636000" "300" "24.80" "1" "24.85" "7" "43970483" "27.25" "22.35"
"3288" "點晶" "22.25" "+2.00" "20.80" "22.25" "20.25" "46000" "994700" "44" "21.10" "1" "22.25" "2" "15000000" "24.45" "20.05"
"3289" "宜特" "103.00" "+1.00" "104.00" "105.50" "102.00" "1445000" "149666000" "936" "102.50" "23" "103.00" "9" "75502921" "113.00" "92.70"
"3290" "東浦" "25.00" "+0.45" "24.70" "25.05" "24.70" "183000" "4553250" "102" "24.90" "3" "25.00" "2" "105480124" "27.50" "22.50"
"3293" "鈊象" "567.00" "+7.00" "568.00" "575.00" "563.00" "435000" "247728000" "380" "566.00" "17" "569.00" "3" "140900780" "623.00" "511.00"
"3294" "英濟" "18.50" "-0.05" "18.90" "19.00" "18.30" "749000" "13874000" "204" "18.50" "35" "18.55" "11" "132015919" "20.35" "16.65"
"3297" "杭特" "16.00" "+0.15" "15.75" "16.00" "15.75" "20000" "319100" "18" "16.00" "1" "16.05" "8" "36049445" "17.60" "14.40"
"3303" "岱稜" "25.75" "+0.30" "25.50" "25.85" "25.50" "91000" "2338500" "45" "25.75" "2" "25.80" "5" "94090607" "28.30" "23.20"
"3306" "鼎天" "51.90" "+3.20" "49.30" "51.90" "49.30" "5322000" "271143700" "3418" "51.80" "4" "51.90" "50" "50607702" "57.00" "46.75"
"3310" "佳穎" "92.00" "+2.70" "90.90" "93.90" "90.50" "135000" "12388200" "125" "91.20" "3" "92.30" "1" "59255839" "101.00" "82.80"
"3313" "斐成" "10.50" "+0.15" "10.30" "10.50" "10.30" "52000" "539150" "21" "10.50" "1" "10.55" "9" "118770776" "11.55" "9.45"
"3317" "尼克森" "53.10" "0.00" "53.70" "53.80" "53.10" "131000" "6983800" "98" "53.10" "1" "53.20" "2" "61251550" "58.40" "47.80"
"3322" "建舜電" "21.40" "+0.10" "21.65" "21.90" "21.40" "659000" "14225900" "257" "21.40" "5" "21.50" "11" "107506537" "23.50" "19.30"
"3323" "加百裕" "31.75" "+0.20" "31.60" "32.10" "31.60" "165000" "5255600" "115" "31.75" "9" "31.80" "1" "80305914" "34.90" "28.15"
"3324" "雙鴻" "284.00" "+9.00" "283.50" "289.50" "281.50" "6456000" "1842631000" "4758" "283.50" "46" "284.00" "14" "88394092" "312.00" "256.00"
"3325" "旭品" "33.00" "+1.45" "32.15" "33.40" "32.15" "9780000" "321624450" "4923" "33.00" "49" "33.05" "45" "84634579" "36.30" "29.70"
"3332" "幸康" "46.50" "-0.40" "47.70" "47.70" "46.50" "18000" "846700" "13" "46.50" "4" "46.70" "1" "48104246" "51.10" "41.85"
"3339" "泰谷" "14.65" "+0.05" "14.75" "15.20" "14.55" "154000" "2300250" "107" "14.60" "4" "14.65" "6" "51631276" "16.10" "13.20"
"3349" "寶德" "17.30" "+0.10" "17.20" "17.40" "17.20" "23000" "396800" "12" "17.25" "4" "17.40" "3" "40071648" "19.00" "15.60"
"3354" "律勝" "14.50" "-0.05" "14.45" "14.65" "14.40" "34000" "491150" "24" "14.50" "3" "14.55" "2" "70112426" "15.95" "13.05"
"3357" "臺慶科" "100.50" "0.00" "100.50" "101.50" "99.90" "187000" "18761300" "144" "100.00" "4" "100.50" "6" "102034000" "110.50" "90.50"
"3360" "尚立" "12.35" "+0.15" "12.20" "12.40" "12.20" "51000" "627550" "38" "12.30" "12" "12.35" "2" "76402244" "13.55" "11.15"
"3362" "先進光" "148.00" "+2.50" "149.00" "151.00" "143.00" "11879000" "1751068000" "7786" "148.00" "53" "148.50" "2" "142459880" "162.50" "133.50"
"3363" "上詮" "57.60" "+1.80" "56.80" "58.80" "56.50" "7061000" "406387900" "4342" "57.50" "13" "57.60" "71" "88627352" "63.30" "51.90"
"3372" "典範" "13.20" "+0.30" "13.10" "13.20" "13.00" "201000" "2637200" "106" "13.15" "3" "13.20" "3" "175410000" "14.50" "11.90"
"3373" "熱映" "19.05" "-0.50" "19.55" "19.55" "18.90" "106000" "2025000" "82" "19.05" "3" "19.10" "10" "43289801" "20.95" "17.15"
"3374" "精材" "110.00" "+1.00" "111.00" "112.00" "109.00" "1021000" "112324500" "698" "109.50" "25" "110.00" "7" "271364316" "121.00" "99.00"
"3379" "彬台" "12.45" "+0.20" "12.45" "12.45" "12.20" "22000" "270200" "12" "12.25" "2" "12.45" "10" "38041748" "13.65" "11.25"
"3388" "崇越電" "68.70" "-0.10" "68.80" "68.80" "68.50" "52000" "3567100" "40" "68.60" "2" "68.70" "3" "74062358" "75.50" "61.90"
"3390" "旭軟" "16.70" "+0.20" "16.55" "16.70" "16.50" "125000" "2074450" "60" "16.65" "1" "16.70" "13" "68655059" "18.35" "15.05"
"3402" "漢科" "48.35" "+0.55" "48.00" "48.60" "48.00" "108000" "5218200" "71" "48.30" "2" "48.35" "1" "73047692" "53.10" "43.55"
"3426" "台興" "38.40" "+0.30" "38.10" "38.40" "38.10" "2000" "76500" "2" "38.00" "2" "38.50" "3" "26400000" "42.20" "34.60"
"3430" "奇鈦科" "45.90" "+0.70" "45.75" "46.60" "45.45" "20000" "917100" "19" "45.80" "1" "45.95" "2" "33716085" "50.40" "41.35"
"3434" "哲固" "29.35" "+0.15" "29.20" "29.50" "29.15" "45000" "1317250" "34" "29.35" "1" "29.55" "1" "24062000" "32.25" "26.45"
"3438" "類比科" "61.20" "+0.60" "60.80" "62.10" "60.80" "63000" "3865000" "61" "61.20" "1" "61.30" "1" "47165815" "67.30" "55.10"
"3441" "聯一光" "37.15" "+0.30" "36.85" "37.45" "36.85" "196000" "7282400" "112" "37.10" "1" "37.15" "1" "40039920" "40.85" "33.45"
"3444" "利機" "74.60" "+4.20" "71.60" "74.90" "71.60" "915000" "67396800" "498" "74.50" "4" "74.60" "6" "44114586" "82.00" "67.20"
"3455" "由田" "79.00" "+1.70" "76.80" "79.10" "76.80" "325000" "25347100" "234" "78.90" "1" "79.00" "2" "59850750" "86.90" "71.10"
"3465" "進泰電子" "73.70" "+0.20" "74.10" "74.40" "73.50" "17000" "1257600" "17" "73.50" "4" "73.70" "1" "35329862" "81.00" "66.40"
"3466" "致振" "22.95" "-0.70" "23.70" "23.70" "22.95" "224000" "5191700" "147" "22.95" "2" "23.00" "1" "61200573" "25.20" "20.70"
"3479" "安勤" "98.80" "+5.80" "94.00" "101.00" "94.00" "2333000" "229896900" "1589" "98.80" "4" "98.90" "1" "72131164" "108.50" "89.00"
"3483" "力致" "136.00" "+3.50" "137.00" "140.00" "133.50" "21226000" "2903105500" "12251" "136.00" "148" "136.50" "16" "79069419" "149.50" "122.50"
"3484" "崧騰" "40.10" "+0.80" "39.95" "40.55" "39.40" "128000" "5127400" "88" "40.00" "11" "40.20" "4" "75536557" "44.10" "36.10"
"3489" "森寶" "11.35" "+0.10" "11.25" "11.45" "11.05" "100000" "1122750" "35" "11.35" "1" "11.40" "13" "83130670" "12.45" "10.25"
"3490" "單井" "23.20" "+0.05" "23.15" "23.20" "23.00" "79000" "1827100" "52" "23.05" "1" "23.20" "8" "55006435" "25.50" "20.90"
"3491" "昇達科" "139.00" "+2.50" "138.00" "140.50" "138.00" "299000" "41649500" "223" "139.00" "7" "140.00" "12" "62831762" "152.50" "125.50"
"3492" "長盛" "18.90" "-0.10" "19.05" "19.10" "18.90" "35000" "665050" "22" "18.90" "1" "19.00" "1" "35531600" "20.75" "17.05"
"3498" "陽程" "35.80" "+0.80" "35.00" "36.15" "35.00" "169000" "5992550" "123" "35.60" "4" "35.80" "2" "62873008" "39.35" "32.25"
"3499" "環天科" "19.30" "+0.45" "18.90" "19.55" "18.90" "151000" "2906150" "83" "19.25" "8" "19.30" "21" "54970596" "21.20" "17.40"
"3508" "位速" "29.10" "+0.15" "28.95" "29.90" "28.90" "122000" "3550650" "78" "29.10" "15" "29.20" "4" "104311737" "32.00" "26.20"
"3511" "矽瑪" "30.75" "+1.55" "29.35" "31.30" "28.65" "456000" "13928000" "299" "30.75" "2" "30.85" "2" "79972945" "33.80" "27.70"
"3512" "皇龍" "28.95" "0.00" "29.10" "29.10" "28.80" "31000" "895850" "22" "28.90" "2" "28.95" "9" "84003003" "31.80" "26.10"
"3516" "亞帝歐" "17.20" "+0.15" "17.25" "17.25" "17.20" "62000" "1066850" "8" "17.00" "2" "17.10" "1" "50590216" "18.90" "15.50"
"3520" "華盈" "16.75" "+0.15" "16.80" "16.90" "16.70" "168000" "2825400" "89" "16.75" "26" "16.80" "7" "68846778" "18.40" "15.10"
"3521" "鴻翊" "22.80" "0.00" "23.40" "23.40" "22.70" "128000" "2934300" "76" "22.80" "3" "22.85" "2" "78216431" "25.05" "20.55"
"3522" "御頂" "16.45" "-0.05" "16.50" "16.95" "16.40" "74000" "1221200" "44" "16.40" "9" "16.45" "13" "62525000" "18.05" "14.85"
"3523" "迎輝" "17.65" "+0.15" "17.60" "17.65" "17.50" "50000" "876450" "15" "17.65" "1" "18.00" "3" "62829868" "19.40" "15.90"
"3526" "凡甲" "168.00" "+3.50" "168.50" "171.00" "167.00" "638000" "107658000" "543" "167.50" "15" "168.00" "2" "58997831" "184.50" "151.50"
"3527" "聚積" "88.90" "+1.30" "90.00" "90.00" "88.50" "39000" "3477500" "37" "88.80" "1" "88.90" "1" "44445125" "97.70" "80.10"
"3529" "力旺" "1830.00" "+5.00" "1860.00" "1885.00" "1760.00" "633000" "1147285000" "599" "1825.00" "2" "1830.00" "5" "76188442" "2010.00" "1650.00"
"3531" "先益" "26.35" "+0.20" "26.25" "26.75" "26.25" "17000" "449400" "16" "26.45" "2" "26.55" "9" "61175011" "28.95" "23.75"
"3537" "堡達" "36.85" "-0.15" "36.55" "37.10" "36.55" "127000" "4680800" "75" "36.85" "3" "36.90" "5" "53564742" "40.50" "33.20"
"3540" "曜越" "44.05" "+1.05" "43.70" "44.55" "43.60" "565000" "24878150" "452" "44.00" "9" "44.05" "2" "73066548" "48.45" "39.65"
"3541" "西柏" "41.35" "-0.35" "41.70" "41.70" "41.00" "84000" "3463500" "65" "41.35" "2" "41.45" "2" "56787142" "45.45" "37.25"
"3546" "宇峻" "75.80" "+1.20" "74.40" "76.40" "74.40" "97000" "7327700" "75" "75.80" "2" "76.10" "1" "50586426" "83.30" "68.30"
"3548" "兆利" "79.40" "+2.00" "78.10" "79.90" "77.50" "1351000" "106790800" "878" "79.30" "26" "79.50" "32" "60122832" "87.30" "71.50"
"3551" "世禾" "68.50" "+0.30" "68.20" "69.60" "67.90" "199000" "13592500" "123" "68.50" "6" "68.70" "2" "56774890" "75.30" "61.70"
"3552" "同致" "124.00" "+4.00" "122.00" "124.00" "121.00" "253000" "31079000" "224" "123.50" "2" "124.00" "10" "85592949" "136.00" "112.00"
"3555" "重鵬" "38.00" "-1.90" "38.00" "39.00" "38.00" "10000" "382300" "10" "37.55" "1" "38.00" "2" "25762797" "41.80" "34.20"
"3556" "禾瑞亞" "59.80" "+0.10" "59.70" "60.50" "59.70" "74000" "4432200" "54" "59.80" "7" "59.90" "4" "63702844" "65.70" "53.90"
"3558" "神準" "289.50" "+4.50" "290.50" "293.00" "285.50" "1428000" "413915000" "1186" "289.50" "6" "290.00" "1" "49060881" "318.00" "261.00"
"3564" "其陽" "42.70" "+1.50" "41.75" "43.25" "41.55" "335000" "14175800" "253" "42.70" "34" "42.95" "1" "59123100" "46.95" "38.45"
"3567" "逸昌" "41.40" "+0.85" "40.80" "43.55" "40.60" "7062000" "294974850" "4531" "41.30" "2" "41.40" "7" "33954000" "45.50" "37.30"
"3570" "大塚" "125.00" "+1.50" "124.50" "125.00" "124.00" "22000" "2743500" "22" "124.50" "3" "125.50" "4" "17097000" "137.50" "112.50"
"3577" "泓格" "78.00" "+0.70" "77.00" "78.40" "76.70" "26000" "2017300" "23" "77.60" "1" "78.10" "1" "58150594" "85.80" "70.20"
"3580" "友威科" "53.00" "+0.40" "53.40" "53.80" "52.90" "231000" "12296100" "171" "53.00" "3" "53.10" "1" "39470657" "58.30" "47.70"
"3581" "博磊" "33.35" "-0.45" "34.00" "34.65" "32.80" "2028000" "68237700" "1374" "33.35" "4" "33.40" "3" "51006000" "36.65" "30.05"
"3587" "閎康" "291.00" "+6.00" "295.00" "303.00" "288.00" "5177000" "1532592500" "4169" "290.50" "12" "291.00" "35" "66313157" "320.00" "262.00"
"3594" "磐儀" "49.30" "+1.00" "49.10" "49.75" "48.75" "201000" "9876350" "152" "49.25" "10" "49.30" "1" "95439358" "54.20" "44.40"
"3597" "映興" "23.30" "+0.60" "22.75" "23.35" "22.75" "5000" "115650" "5" "23.10" "1" "23.20" "2" "39149826" "25.60" "21.00"
"3609" "三一東林" "44.70" "-0.30" "45.00" "45.00" "44.00" "17000" "755200" "16" "44.05" "2" "44.45" "1" "35279387" "49.15" "40.25"
"3611" "鼎翰" "235.50" "-0.50" "234.50" "242.00" "234.50" "163000" "38715000" "157" "235.00" "12" "237.00" "2" "46864134" "259.00" "212.00"
"3615" "安可" "20.65" "+0.05" "20.80" "21.00" "20.40" "222000" "4604400" "130" "20.60" "5" "20.70" "6" "68466976" "22.70" "18.60"
"3623" "富晶通" "17.00" "+0.40" "16.80" "17.10" "16.80" "19000" "323050" "19" "16.95" "2" "17.00" "1" "29185946" "18.70" "15.30"
"3624" "光頡" "49.00" "+1.25" "48.20" "49.10" "48.10" "387000" "18862300" "247" "48.90" "5" "49.00" "11" "117340842" "53.90" "44.10"
"3625" "西勝" "14.40" "-0.15" "14.50" "14.65" "14.25" "233000" "3357050" "145" "14.35" "38" "14.50" "1" "114131382" "15.80" "13.00"
"3628" "盈正" "45.10" "+1.05" "44.40" "45.20" "44.05" "59000" "2642000" "44" "44.90" "2" "45.10" "1" "45000000" "49.60" "40.60"
"3629" "地心引力" "38.50" "-0.20" "37.40" "39.10" "37.40" "9000" "345850" "9" "38.50" "1" "39.45" "1" "33075982" "42.35" "34.65"
"3630" "新鉅科" "31.75" "+0.35" "31.55" "31.85" "31.25" "172000" "5439800" "140" "31.75" "4" "31.80" "3" "184191848" "34.90" "28.60"
"3631" "晟楠" "31.95" "+0.15" "31.80" "32.00" "31.80" "63000" "2004050" "24" "31.80" "1" "32.00" "2" "81820909" "35.10" "28.80"
"3632" "研勤" "14.30" "0.00" "14.30" "14.40" "14.30" "19000" "271850" "12" "14.20" "1" "14.30" "11" "40889738" "15.70" "12.90"
"3646" "艾恩特" "29.25" "-0.30" "29.30" "29.55" "29.20" "76000" "2226600" "47" "29.25" "4" "29.35" "1" "39297371" "32.15" "26.35"
"3663" "鑫科" "33.40" "+0.15" "33.00" "33.85" "33.00" "201000" "6735000" "143" "33.40" "7" "33.50" "26" "73498057" "36.70" "30.10"
"3664" "安瑞-KY" "25.15" "+2.25" "22.90" "25.15" "22.90" "123000" "2931550" "91" "25.15" "37" "0.00" "0" "58352857" "27.65" "22.65"
"3666" "光耀" "26.25" "+0.95" "25.85" "26.65" "25.30" "211000" "5474200" "158" "26.20" "1" "26.30" "1" "58691600" "28.85" "23.65"
"3672" "康聯訊" "25.65" "+1.85" "23.80" "26.00" "23.80" "77000" "1936450" "67" "25.35" "2" "25.80" "1" "31790375" "28.20" "23.10"
"3675" "德微" "267.00" "+4.50" "266.00" "268.50" "262.50" "262000" "69491500" "231" "267.00" "13" "267.50" "7" "44428250" "293.50" "240.50"
"3680" "家登" "313.00" "+3.50" "311.50" "316.00" "310.00" "1010000" "316112500" "800" "313.00" "1" "313.50" "1" "88136524" "344.00" "282.00"
"3684" "榮昌" "47.00" "+1.00" "47.00" "47.10" "47.00" "5000" "235100" "5" "47.00" "16" "47.50" "1" "30001674" "51.70" "42.30"
"3685" "元創精密" "22.35" "+0.40" "22.10" "22.35" "22.00" "94000" "2082250" "62" "22.20" "2" "22.35" "3" "79574000" "24.55" "20.15"
"3687" "歐買尬" "85.40" "+0.30" "85.80" "87.50" "84.50" "208000" "17749400" "168" "85.40" "1" "85.70" "1" "30059572" "93.90" "76.90"
"3689" "湧德" "61.90" "+1.50" "61.00" "62.70" "60.70" "4554000" "281589100" "2880" "61.90" "16" "62.00" "9" "78235803" "68.00" "55.80"
"3691" "碩禾" "79.00" "+1.90" "77.50" "79.60" "77.50" "208000" "16444800" "170" "79.00" "2" "79.10" "1" "91883420" "86.90" "71.10"
"3693" "營邦" "465.00" "+15.00" "473.00" "483.50" "453.00" "7739000" "3645116500" "6315" "464.50" "2" "465.00" "8" "38490694" "511.00" "418.50"
"3707" "漢磊" "73.20" "+1.00" "72.60" "73.80" "72.60" "1281000" "93636200" "888" "73.00" "27" "73.20" "2" "333215747" "80.50" "65.90"
"3709" "鑫聯大投控" "23.15" "-0.05" "23.20" "23.70" "23.05" "8000" "186600" "8" "23.15" "1" "23.35" "1" "100569450" "25.45" "20.85"
"3710" "連展投控" "9.99" "0.00" "9.99" "10.05" "9.88" "757000" "7530080" "371" "9.95" "2" "9.99" "4" "287250734" "10.95" "9.00"
"3713" "新晶投控" "24.95" "-0.05" "26.85" "26.85" "24.95" "32000" "818200" "21" "24.95" "2" "25.20" "12" "78090000" "27.40" "22.50"
"4102" "永日" "30.80" "-0.40" "31.35" "31.35" "30.55" "571000" "17531300" "198" "30.75" "5" "30.80" "15" "42373443" "33.85" "27.75"
"4105" "東洋" "75.30" "+0.30" "75.00" "75.50" "75.00" "187000" "14068600" "131" "75.20" "9" "75.40" "4" "248649959" "82.80" "67.80"
"4107" "邦特" "110.00" "-0.50" "110.50" "110.50" "110.00" "67000" "7381500" "59" "110.00" "19" "110.50" "7" "69298336" "121.00" "99.00"
"4109" "加捷生醫" "13.65" "-0.05" "13.70" "13.70" "13.60" "56000" "765850" "29" "13.60" "22" "13.75" "2" "88936681" "15.00" "12.30"
"4111" "濟生" "26.90" "+0.55" "26.45" "27.10" "26.45" "138000" "3701150" "103" "26.80" "3" "26.90" "1" "56982985" "29.55" "24.25"
"4113" "聯上" "19.90" "+0.05" "19.85" "20.00" "19.70" "561000" "11146400" "172" "19.85" "18" "19.90" "39" "211138137" "21.85" "17.95"
"4114" "健喬" "35.75" "+0.10" "35.65" "36.00" "35.45" "1779000" "63434650" "929" "35.75" "16" "35.80" "5" "401414897" "39.30" "32.20"
"4116" "明基醫" "58.00" "+0.70" "57.30" "58.40" "57.30" "98000" "5676900" "72" "57.90" "2" "58.00" "3" "44566000" "63.80" "52.20"
"4120" "友華" "36.40" "+0.40" "36.20" "36.50" "36.00" "97000" "3517000" "73" "36.35" "2" "36.40" "1" "86747119" "40.00" "32.80"
"4121" "優盛" "24.60" "+0.45" "24.25" "24.65" "24.25" "368000" "9008600" "242" "24.55" "7" "24.60" "2" "84929145" "27.05" "22.15"
"4123" "晟德" "51.80" "-0.20" "51.60" "52.30" "51.00" "4195000" "216991500" "2292" "51.80" "10" "51.90" "7" "594755996" "56.90" "46.65"
"4126" "太醫" "80.20" "+0.20" "80.00" "80.50" "79.90" "176000" "14125300" "147" "80.20" "3" "80.30" "2" "72600000" "88.20" "72.20"
"4127" "天良" "13.65" "-0.15" "13.80" "13.80" "13.55" "149000" "2031000" "84" "13.65" "7" "13.70" "25" "45760000" "15.00" "12.30"
"4128" "中天" "48.95" "+1.65" "47.50" "49.30" "47.50" "1641000" "79785450" "1043" "48.95" "3" "49.00" "50" "560162474" "53.80" "44.10"
"4129" "聯合" "67.40" "+1.40" "66.50" "67.90" "66.50" "479000" "32225300" "335" "67.40" "11" "67.50" "1" "86154381" "74.10" "60.70"
"4130" "健亞" "26.15" "+0.70" "25.45" "26.15" "25.45" "382000" "9902250" "225" "26.10" "1" "26.15" "23" "109375851" "28.75" "23.55"
"4131" "晶宇" "24.60" "+0.80" "24.35" "25.80" "24.35" "7000" "173150" "6" "24.60" "1" "25.00" "1" "39000000" "27.05" "22.15"
"4138" "曜亞" "110.50" "+2.00" "108.00" "112.00" "108.00" "258000" "28365500" "222" "110.50" "1" "111.00" "4" "30000000" "121.50" "99.50"
"4139" "馬光-KY" "33.50" "+0.50" "33.10" "33.60" "33.00" "28000" "930550" "27" "33.25" "1" "33.60" "1" "42549911" "36.85" "30.15"
"4147" "中裕" "93.80" "+0.30" "94.10" "94.40" "92.30" "1213000" "113175600" "970" "93.50" "6" "93.80" "8" "252934980" "103.00" "84.50"
"4153" "鈺緯" "36.00" "+0.05" "36.30" "36.60" "35.80" "110000" "3983900" "94" "36.00" "2" "36.20" "5" "61759089" "39.60" "32.40"
"4154" "樂威科-KY" "15.50" "+1.40" "14.20" "15.50" "14.20" "519000" "7901700" "239" "15.50" "892" "0.00" "0" "35720000" "17.05" "13.95"
"4157" "太景*-KY" "15.10" "+0.20" "15.00" "15.10" "14.85" "861000" "12903900" "368" "15.05" "12" "15.10" "57" "716844175" "16.60" "13.60"
"4160" "創源" "46.50" "-0.80" "45.75" "47.20" "45.75" "213000" "9912000" "159" "46.40" "18" "46.60" "2" "24247016" "51.10" "41.85"
"4161" "聿新科" "36.20" "+1.45" "34.80" "36.70" "34.70" "133000" "4769400" "97" "36.20" "1" "36.40" "1" "52427942" "39.80" "32.60"
"4162" "智擎" "81.00" "除息" "80.10" "81.20" "79.80" "748000" "60215100" "625" "80.70" "7" "81.00" "13" "145684840" "89.10" "72.90"
"4163" "鐿鈦" "118.50" "+4.50" "114.00" "119.00" "114.00" "138000" "16262000" "113" "118.00" "16" "118.50" "2" "48290143" "130.00" "107.00"
"4167" "松瑞藥" "17.30" "+0.15" "17.15" "17.40" "17.10" "437000" "7549400" "288" "17.30" "9" "17.35" "20" "317231607" "19.00" "15.60"
"4168" "醣聯" "27.65" "+0.75" "27.00" "27.80" "27.00" "310000" "8499700" "171" "27.60" "5" "27.65" "6" "108640133" "30.40" "24.90"
"4171" "瑞基" "36.10" "-0.55" "36.70" "36.75" "36.05" "184000" "6667550" "156" "36.10" "1" "36.15" "1" "57457469" "39.70" "32.50"
"4173" "久裕" "22.60" "+0.30" "22.30" "22.75" "22.30" "209000" "4712850" "137" "22.60" "11" "22.65" "5" "74574355" "24.85" "20.35"
"4174" "浩鼎" "82.60" "+0.50" "82.40" "82.80" "81.80" "167000" "13750700" "143" "82.60" "3" "82.70" "6" "229439374" "90.80" "74.40"
"4175" "杏一" "89.50" "+0.50" "89.00" "90.60" "89.00" "181000" "16265900" "156" "89.50" "10" "89.90" "2" "41947840" "98.40" "80.60"
"4183" "福永生技" "20.00" "+0.10" "20.00" "20.00" "19.90" "5000" "99700" "3" "19.90" "2" "20.00" "6" "23800000" "22.00" "18.00"
"4188" "安克" "21.45" "+1.95" "19.40" "21.45" "19.40" "208000" "4398650" "138" "21.45" "109" "0.00" "0" "53221400" "23.55" "19.35"
"4192" "杏國" "----" "---" "----" "----" "----" "0" "0" "0" "48.00" "1" "48.80" "3" "30744500" "53.60" "43.95"
"4198" "欣大健康" "19.85" "+1.80" "18.10" "19.85" "18.10" "44000" "856400" "36" "19.80" "1" "0.00" "0" "23108000" "21.80" "17.90"
"4205" "中華食" "103.00" "-0.50" "102.50" "103.00" "102.50" "9000" "924500" "8" "102.50" "7" "103.50" "2" "88772026" "113.00" "92.70"
"4207" "環泰" "18.40" "+0.40" "18.05" "18.45" "18.05" "790000" "14432850" "345" "18.35" "8" "18.40" "14" "175868552" "20.20" "16.60"
"4303" "信立" "18.70" "+0.05" "18.70" "18.85" "18.65" "75000" "1402800" "51" "18.70" "4" "18.75" "2" "67500000" "20.55" "16.85"
"4304" "勝昱" "----" "---" "----" "----" "----" "0" "0" "0" "8.89" "1" "8.90" "2" "36038065" "9.79" "8.01"
"4305" "世坤" "32.10" "0.00" "32.30" "32.30" "32.10" "2000" "64400" "2" "32.10" "5" "32.95" "1" "55014000" "35.30" "28.90"
"4401" "東隆興" "21.00" "+0.20" "20.80" "21.25" "20.65" "86000" "1794700" "52" "21.00" "1" "21.20" "1" "122692012" "23.10" "18.90"
"4402" "福大" "8.75" "-0.05" "8.80" "8.80" "8.68" "41000" "358030" "20" "8.70" "2" "8.75" "1" "45991830" "9.62" "7.88"
"4406" "新昕纖" "10.20" "+0.10" "10.10" "10.20" "10.10" "18000" "182000" "12" "10.10" "13" "10.20" "3" "51912000" "11.20" "9.18"
"4413" "飛寶企業" "15.45" "+0.15" "15.15" "15.45" "15.15" "9000" "137550" "6" "15.35" "1" "15.45" "1" "31314689" "16.95" "13.95"
"4416" "三圓" "76.20" "-1.00" "76.20" "76.20" "76.20" "1000" "76200" "1" "76.30" "1" "78.90" "1" "62023870" "83.80" "68.60"
"4417" "金洲" "39.40" "+0.05" "39.35" "39.50" "39.35" "68000" "2677950" "37" "39.40" "1" "39.45" "2" "83971399" "43.30" "35.50"
"4419" "元勝" "----" "---" "----" "----" "----" "0" "0" "0" "28.00" "4" "29.00" "5" "38163133" "30.80" "25.20"
"4420" "光明" "30.50" "0.00" "30.50" "30.50" "30.50" "25000" "762500" "13" "30.20" "1" "30.50" "3" "40455000" "33.55" "27.45"
"4430" "耀億" "22.45" "-0.20" "22.65" "22.65" "22.30" "9000" "201550" "8" "22.45" "1" "22.55" "2" "56273609" "24.65" "20.25"
"4432" "銘旺實" "23.95" "+0.05" "24.20" "24.30" "23.85" "99000" "2380700" "63" "23.95" "3" "24.00" "1" "50589000" "26.30" "21.60"
"4433" "興采" "28.90" "+0.20" "28.65" "29.50" "28.65" "54000" "1564850" "46" "28.90" "1" "28.95" "2" "61299774" "31.75" "26.05"
"4502" "健信" "36.85" "0.00" "36.90" "36.90" "36.00" "30000" "1096050" "19" "36.70" "1" "36.85" "4" "58111686" "40.50" "33.20"
"4503" "金雨" "60.90" "-0.10" "61.40" "63.00" "60.50" "302000" "18462500" "244" "60.90" "5" "61.10" "6" "60313326" "66.90" "54.90"
"4506" "崇友" "81.40" "+0.90" "81.00" "81.50" "80.30" "189000" "15274600" "128" "81.10" "1" "81.40" "16" "177012000" "89.50" "73.30"
"4510" "高鋒" "15.80" "+0.60" "15.50" "15.85" "15.40" "607000" "9526150" "329" "15.75" "2" "15.80" "12" "108010689" "17.35" "14.25"
"4513" "福裕" "19.20" "-0.15" "19.60" "19.60" "19.15" "46000" "887050" "21" "19.20" "9" "19.25" "1" "76880300" "21.10" "17.30"
"4523" "永彰" "47.70" "-1.00" "48.70" "49.80" "47.70" "195000" "9451550" "153" "47.70" "3" "47.90" "6" "64000000" "52.40" "42.95"
"4527" "方土霖" "33.95" "+0.65" "33.50" "34.05" "33.40" "66000" "2226850" "52" "33.95" "1" "34.00" "9" "76152370" "37.30" "30.60"
"4528" "江興鍛" "32.85" "+0.05" "32.90" "33.00" "32.60" "75000" "2452550" "74" "32.65" "3" "33.00" "9" "84165695" "36.10" "29.60"
"4529" "淳紳" "8.85" "+0.07" "8.95" "8.95" "8.80" "16000" "141930" "14" "8.81" "2" "8.85" "1" "84581096" "9.73" "7.97"
"4530" "宏易" "5.85" "-0.45" "6.21" "6.23" "5.81" "85000" "514940" "43" "5.85" "9" "5.99" "1" "49437276" "6.43" "5.27"
"4533" "協易機" "26.30" "-0.30" "27.20" "27.50" "26.10" "5142000" "136812600" "2590" "26.30" "27" "26.40" "34" "158434110" "28.90" "23.70"
"4534" "慶騰" "10.05" "+0.09" "9.96" "10.10" "9.95" "60000" "600620" "43" "10.00" "5" "10.10" "18" "86788948" "11.05" "9.05"
"4535" "至興" "38.10" "-0.20" "38.10" "38.20" "38.00" "42000" "1600100" "12" "38.00" "1" "38.35" "1" "75661740" "41.90" "34.30"
"4538" "大詠城" "20.80" "除權息" "21.00" "21.10" "20.70" "184000" "3827550" "111" "20.75" "7" "20.80" "2" "57536401" "22.85" "18.75"
"4541" "晟田" "34.90" "+0.15" "34.75" "35.35" "34.70" "283000" "9890750" "167" "34.80" "2" "34.95" "5" "67647068" "38.35" "31.45"
"4542" "科嶠" "33.40" "+3.00" "31.00" "33.40" "30.10" "1206000" "39028850" "643" "33.40" "22" "0.00" "0" "32285400" "36.70" "30.10"
"4543" "萬在" "41.10" "+0.50" "40.95" "41.55" "40.90" "472000" "19427700" "317" "41.10" "5" "41.15" "8" "56970000" "45.20" "37.00"
"4549" "桓達" "96.10" "+0.70" "95.90" "96.30" "95.50" "26000" "2494700" "25" "96.20" "1" "96.30" "1" "49359434" "105.50" "86.50"
"4550" "長佳" "29.10" "+0.20" "28.95" "29.10" "28.70" "141000" "4086550" "81" "29.05" "8" "29.10" "5" "37838783" "32.00" "26.20"
"4554" "橙的" "27.40" "+0.30" "27.15" "27.45" "27.15" "11000" "300050" "10" "27.20" "5" "27.40" "5" "23298641" "30.10" "24.70"
"4556" "旭然" "30.30" "+0.45" "30.25" "30.30" "30.25" "20000" "605550" "5" "29.65" "2" "30.30" "5" "41884000" "33.30" "27.30"
"4558" "寶緯" "27.50" "+0.70" "27.00" "27.95" "27.00" "77000" "2127300" "65" "27.45" "2" "27.60" "2" "50000000" "30.25" "24.75"
"4561" "健椿" "27.00" "+0.40" "26.80" "27.20" "26.60" "20000" "538900" "18" "26.80" "2" "27.00" "5" "58521619" "29.70" "24.30"
"4563" "百德" "52.10" "+0.30" "52.30" "53.30" "51.70" "292000" "15296100" "181" "52.00" "13" "52.40" "2" "54950000" "57.30" "46.90"
"4568" "科際精密" "54.80" "+0.20" "54.80" "54.80" "54.00" "25000" "1357900" "22" "53.10" "1" "53.90" "2" "32044125" "60.20" "49.35"
"4577" "達航科技" "26.85" "+0.35" "26.50" "26.90" "26.50" "27000" "719500" "26" "26.60" "2" "26.85" "1" "49137998" "29.50" "24.20"
"4580" "捷流閥業" "91.50" "除息" "90.80" "92.70" "90.40" "265000" "24263600" "216" "90.70" "4" "91.50" "5" "43133107" "100.50" "82.40"
"4584" "君帆" "44.50" "+0.15" "44.50" "45.55" "44.50" "10000" "447250" "6" "44.40" "3" "45.40" "3" "27780000" "48.95" "40.05"
"4609" "唐鋒" "6.76" "-0.62" "7.61" "7.61" "6.66" "63000" "429970" "48" "6.75" "3" "6.84" "1" "47946820" "7.43" "6.09"
"4702" "中美實" "13.00" "+0.15" "13.00" "13.20" "12.90" "32000" "415850" "26" "12.95" "2" "13.05" "11" "72333200" "14.30" "11.70"
"4706" "大恭" "21.50" "0.00" "21.60" "21.60" "20.70" "190000" "4039450" "112" "21.45" "3" "21.50" "13" "79030093" "23.65" "19.35"
"4707" "磐亞" "13.20" "+0.05" "13.20" "13.20" "13.10" "423000" "5568100" "139" "13.15" "111" "13.20" "89" "352628253" "14.50" "11.90"
"4711" "永純" "15.10" "0.00" "15.20" "15.20" "15.10" "56000" "846750" "23" "15.10" "8" "15.15" "1" "61056000" "16.60" "13.60"
"4712" "南璋" "3.43" "+0.03" "3.42" "3.43" "3.42" "12000" "41060" "8" "3.41" "1" "3.43" "1" "73690737" "3.77" "3.09"
"4714" "永捷" "12.50" "+0.10" "12.45" "12.65" "12.40" "297000" "3707600" "132" "12.50" "1" "12.55" "18" "139683510" "13.75" "11.25"
"4716" "大立" "13.05" "+0.10" "12.95" "13.05" "12.95" "24000" "312300" "15" "13.00" "8" "13.05" "1" "84904446" "14.35" "11.75"
"4721" "美琪瑪" "79.30" "+3.00" "77.10" "79.50" "76.80" "410000" "32039300" "321" "79.30" "3" "79.50" "1" "74986304" "87.20" "71.40"
"4726" "永昕" "39.35" "+0.40" "39.30" "39.65" "39.00" "344000" "13535500" "239" "39.35" "6" "39.40" "9" "205881500" "43.25" "35.45"
"4728" "雙美" "191.00" "+11.50" "181.50" "193.50" "181.50" "157000" "29768500" "110" "190.50" "1" "192.00" "2" "54463000" "210.00" "172.00"
"4729" "熒茂" "16.55" "+0.25" "16.25" "16.55" "16.25" "12000" "198300" "10" "16.45" "1" "16.55" "3" "77726741" "18.20" "14.90"
"4735" "豪展" "37.45" "-0.05" "37.20" "37.45" "37.20" "7000" "260750" "6" "37.45" "1" "37.55" "1" "36768758" "41.15" "33.75"
"4736" "泰博" "173.00" "-1.50" "174.50" "175.00" "172.50" "301000" "52198000" "257" "173.00" "4" "174.00" "3" "95368598" "190.00" "156.00"
"4741" "泓瀚" "35.20" "-0.90" "36.10" "36.20" "35.15" "132000" "4691150" "90" "35.20" "6" "35.30" "2" "32841584" "38.70" "31.70"
"4743" "合一" "181.00" "+5.50" "176.50" "184.00" "175.50" "2642000" "475795000" "1987" "181.00" "22" "181.50" "36" "453010833" "199.00" "163.00"
"4744" "皇將" "30.80" "+0.45" "30.60" "30.90" "30.35" "330000" "10085650" "181" "30.70" "4" "30.80" "2" "54889333" "33.85" "27.75"
"4745" "合富-KY" "26.15" "+0.10" "26.00" "26.20" "26.00" "13000" "338850" "9" "26.00" "1" "26.20" "4" "77449547" "28.75" "23.55"
"4747" "強生" "100.50" "0.00" "100.50" "104.00" "99.50" "316000" "31955800" "200" "100.00" "37" "100.50" "3" "40018750" "110.50" "90.50"
"4754" "國碳科" "48.05" "+1.00" "47.05" "49.30" "47.05" "79000" "3774450" "57" "48.05" "1" "48.15" "1" "27530196" "52.80" "43.25"
"4760" "勤凱" "68.30" "0.00" "68.10" "68.40" "67.90" "39000" "2660300" "31" "68.20" "5" "68.30" "1" "31840064" "75.10" "61.50"
"4767" "誠泰科技" "27.60" "-0.20" "27.70" "27.70" "27.00" "51000" "1392800" "30" "27.25" "1" "27.70" "3" "31415000" "30.35" "24.85"
"4768" "晶呈科技" "169.00" "+0.50" "172.00" "172.50" "168.50" "367000" "62324000" "279" "169.00" "4" "169.50" "3" "38772989" "185.50" "152.50"
"4804" "大略-KY" "4.84" "-0.11" "4.90" "4.90" "4.49" "92000" "429670" "48" "4.80" "2" "4.83" "5" "45347920" "5.32" "4.36"
"4903" "聯光通" "17.10" "+0.40" "17.30" "17.30" "16.75" "17000" "288500" "15" "16.70" "4" "17.15" "2" "104051536" "18.80" "15.40"
"4905" "台聯電" "70.10" "-0.30" "70.40" "70.40" "70.10" "9000" "632100" "7" "69.50" "1" "71.20" "2" "29260044" "77.10" "63.10"
"4907" "富宇" "36.55" "+0.30" "36.40" "36.95" "36.35" "14000" "511300" "14" "36.40" "2" "36.75" "5" "118145778" "40.20" "32.90"
"4908" "前鼎" "52.30" "+1.10" "52.00" "53.40" "51.90" "931000" "49014600" "587" "52.30" "9" "52.50" "8" "78216907" "57.50" "47.10"
"4909" "新復興" "22.25" "+2.00" "20.40" "22.25" "20.40" "3519000" "77739350" "1426" "22.25" "361" "0.00" "0" "93356864" "24.45" "20.05"
"4911" "德英" "62.10" "+2.50" "59.60" "62.10" "59.20" "142000" "8616900" "122" "61.70" "1" "62.10" "3" "55660000" "68.30" "55.90"
"4923" "力士" "40.25" "+0.45" "39.70" "40.25" "39.25" "24000" "949250" "21" "40.25" "2" "40.30" "9" "33890800" "44.25" "36.25"
"4924" "欣厚-KY" "12.25" "+0.30" "12.30" "12.30" "12.10" "5000" "61100" "5" "12.20" "1" "12.25" "3" "37164409" "13.45" "11.05"
"4931" "新盛力" "34.55" "+0.90" "33.80" "34.65" "33.80" "613000" "21113600" "404" "34.50" "1" "34.60" "7" "64490761" "38.00" "31.10"
"4933" "友輝" "40.75" "+2.25" "38.50" "41.20" "38.50" "925000" "37472000" "654" "40.55" "3" "40.75" "1" "80348675" "44.80" "36.70"
"4939" "亞電" "16.60" "+0.10" "16.60" "17.20" "16.50" "281000" "4741500" "141" "16.60" "6" "16.65" "3" "98200868" "18.25" "14.95"
"4944" "兆遠" "9.18" "-0.07" "9.25" "9.25" "9.13" "52000" "478220" "29" "9.16" "2" "9.18" "9" "43900223" "10.05" "8.27"
"4945" "陞達科技" "59.10" "+0.40" "59.50" "60.50" "59.00" "43000" "2568200" "38" "59.10" "2" "59.50" "1" "30036800" "65.00" "53.20"
"4946" "辣椒" "26.55" "+0.40" "26.50" "27.35" "26.45" "76000" "2056950" "64" "26.65" "1" "27.05" "1" "15402450" "29.20" "23.90"
"4950" "牧東" "14.75" "+1.30" "14.50" "14.75" "13.40" "2044000" "29278000" "877" "14.75" "12" "0.00" "0" "46759750" "16.20" "13.30"
"4951" "精拓科" "62.30" "-0.30" "62.70" "63.70" "62.20" "80000" "5012400" "57" "62.30" "1" "63.20" "2" "34148713" "68.50" "56.10"
"4953" "緯軟" "124.50" "+2.50" "126.00" "127.00" "122.00" "2356000" "292000000" "1576" "124.50" "56" "125.00" "71" "72652301" "136.50" "112.50"
"4966" "譜瑞-KY" "805.00" "-3.00" "821.00" "821.00" "789.00" "1020000" "817276000" "922" "805.00" "10" "807.00" "8" "81174738" "885.00" "725.00"
"4971" "IET-KY" "56.80" "+0.90" "57.00" "57.00" "55.60" "19000" "1068200" "15" "56.80" "3" "56.90" "2" "36785743" "62.40" "51.20"
"4972" "湯石照明" "28.15" "-0.05" "28.00" "28.20" "28.00" "20000" "561700" "16" "28.10" "9" "28.15" "1" "39495553" "30.95" "25.35"
"4973" "廣穎" "27.95" "+0.20" "27.80" "28.45" "27.80" "441000" "12390400" "225" "27.95" "5" "28.00" "1" "63505833" "30.70" "25.20"
"4974" "亞泰" "68.90" "+1.20" "67.70" "69.50" "67.70" "607000" "41752700" "394" "68.90" "10" "69.00" "9" "72500104" "75.70" "62.10"
"4979" "華星光" "158.50" "+12.00" "157.00" "160.50" "155.00" "2559000" "405147500" "1191" "158.00" "31" "158.50" "41" "132339794" "174.00" "143.00"
"4987" "科誠" "59.90" "+0.10" "59.00" "59.90" "59.00" "6000" "357200" "6" "59.40" "1" "59.90" "4" "31878000" "65.80" "54.00"
"4991" "環宇-KY" "31.20" "0.00" "32.00" "32.00" "31.20" "13000" "409600" "6" "31.00" "1" "31.50" "1" "111310734" "34.30" "28.10"
"4995" "晶達" "44.75" "+0.25" "44.45" "44.75" "44.40" "17000" "757100" "15" "44.70" "1" "44.75" "2" "42048036" "49.20" "40.30"
"5009" "榮剛" "45.55" "+0.45" "45.90" "46.30" "45.25" "10306000" "469916400" "4468" "45.50" "63" "45.55" "67" "522949618" "50.10" "41.00"
"5011" "久陽" "21.40" "-0.35" "21.90" "21.90" "21.25" "393000" "8434550" "190" "21.35" "3" "21.40" "3" "100058738" "23.50" "19.30"
"5013" "強新" "33.95" "+0.85" "33.10" "33.95" "33.10" "10000" "332600" "6" "33.30" "1" "33.60" "2" "133416000" "37.30" "30.60"
"5014" "建錩" "13.05" "+0.15" "12.95" "13.10" "12.80" "487000" "6321350" "178" "13.00" "19" "13.05" "44" "185333054" "14.35" "11.75"
"5015" "華祺" "41.90" "+0.05" "41.80" "42.70" "41.80" "38000" "1593400" "32" "41.90" "1" "42.00" "9" "60639189" "46.05" "37.75"
"5016" "松和" "28.70" "+0.20" "28.60" "28.70" "28.60" "3000" "85950" "3" "28.55" "4" "28.70" "2" "49622076" "31.55" "25.85"
"5201" "凱衛" "31.10" "+0.60" "30.70" "31.35" "30.70" "52000" "1606150" "28" "31.00" "8" "31.20" "4" "30674600" "34.20" "28.00"
"5202" "力新" "15.50" "+0.50" "15.05" "15.70" "15.05" "119000" "1843150" "66" "15.45" "2" "15.55" "2" "89094000" "17.05" "13.95"
"5205" "中茂" "33.60" "+2.60" "32.20" "33.95" "29.60" "12000" "384400" "12" "32.40" "1" "33.60" "1" "10250000" "36.95" "30.25"
"5206" "坤悅" "19.35" "0.00" "19.05" "19.35" "18.95" "89000" "1697200" "46" "19.25" "1" "19.35" "1" "155925000" "21.25" "17.45"
"5209" "新鼎" "164.00" "+1.00" "163.50" "164.00" "162.00" "50000" "8156500" "48" "163.50" "2" "164.00" "1" "28099500" "180.00" "148.00"
"5210" "寶碩" "17.30" "+0.60" "16.70" "17.50" "16.70" "181000" "3119400" "114" "17.30" "8" "17.35" "1" "62177779" "19.00" "15.60"
"5211" "蒙恬" "21.90" "+0.35" "21.50" "22.00" "21.40" "70000" "1515700" "58" "21.80" "2" "21.90" "2" "32024727" "24.05" "19.75"
"5212" "凌網" "44.45" "+1.25" "43.60" "45.20" "43.55" "73000" "3237850" "28" "44.00" "2" "44.45" "1" "34633000" "48.85" "40.05"
"5213" "亞昕" "26.15" "-0.30" "26.50" "26.50" "26.10" "340000" "8937300" "223" "26.10" "28" "26.20" "7" "476520406" "28.75" "23.55"
"5220" "萬達光電" "28.40" "-0.35" "28.45" "28.70" "28.30" "26000" "738150" "17" "28.40" "12" "28.45" "2" "39667000" "31.20" "25.60"
"5223" "安力-KY" "38.70" "0.00" "39.00" "39.25" "38.70" "20000" "782200" "13" "38.70" "2" "38.95" "1" "44549781" "42.55" "34.85"
"5227" "立凱-KY" "58.00" "-1.00" "58.70" "59.30" "58.00" "296000" "17248500" "228" "57.90" "3" "58.00" "161" "70000000" "63.80" "50.10"
"5228" "鈺鎧" "22.65" "0.00" "22.65" "22.65" "22.65" "5000" "113250" "5" "22.65" "3" "22.90" "2" "38056253" "24.90" "20.40"
"5230" "雷笛克光學" "21.15" "-0.05" "21.70" "21.70" "21.00" "32000" "675950" "28" "21.05" "1" "21.15" "1" "46955824" "23.25" "19.05"
"5236" "凌陽創新" "121.50" "+3.50" "119.00" "122.00" "119.00" "346000" "41743000" "286" "121.00" "9" "122.00" "23" "58500094" "133.50" "109.50"
"5245" "智晶" "37.85" "0.00" "38.30" "38.60" "37.40" "102000" "3862650" "83" "37.85" "1" "38.20" "1" "44990000" "41.60" "34.10"
"5251" "天鉞電" "18.50" "+0.10" "18.75" "18.85" "18.35" "27000" "501850" "22" "18.50" "4" "18.60" "8" "35677377" "20.35" "16.65"
"5263" "智崴" "115.00" "+1.00" "114.00" "115.50" "114.00" "126000" "14466000" "95" "114.50" "9" "115.00" "5" "64533931" "126.50" "103.50"
"5272" "笙科" "24.15" "+0.15" "24.20" "24.25" "24.00" "54000" "1301750" "40" "24.10" "1" "24.25" "1" "55276118" "26.55" "21.75"
"5274" "信驊" "2100.00" "-40.00" "2160.00" "2215.00" "2070.00" "443000" "941850000" "423" "2095.00" "2" "2100.00" "1" "37820679" "2310.00" "1890.00"
"5276" "達輝-KY" "16.30" "-0.35" "15.80" "16.45" "15.30" "12000" "192100" "11" "16.30" "2" "16.75" "1" "39500000" "17.90" "14.70"
"5278" "尚凡" "173.50" "-1.00" "174.50" "174.50" "173.50" "19000" "3306000" "18" "174.00" "1" "174.50" "5" "22248586" "190.50" "156.50"
"5281" "大峽谷-KY" "16.05" "+0.30" "15.90" "16.05" "15.90" "6000" "95800" "6" "15.80" "8" "15.90" "2" "37010000" "17.65" "14.45"
"5287" "數字" "218.50" "+5.00" "215.00" "219.50" "215.00" "183000" "39804000" "147" "218.00" "3" "219.00" "3" "50794750" "240.00" "197.00"
"5289" "宜鼎" "261.50" "+5.00" "261.00" "264.00" "259.00" "500000" "130832000" "427" "261.50" "17" "262.00" "4" "86666581" "287.50" "235.50"
"5291" "邑昇" "28.50" "-0.15" "28.65" "28.65" "28.25" "37000" "1050500" "22" "28.45" "2" "28.50" "1" "40925606" "31.35" "25.65"
"5299" "杰力" "108.00" "0.00" "110.00" "110.00" "108.00" "67000" "7271500" "64" "108.00" "3" "108.50" "5" "50888981" "118.50" "97.20"
"5301" "寶得利" "13.40" "-0.40" "13.75" "13.75" "13.15" "198000" "2660050" "109" "13.40" "1" "13.55" "3" "134552571" "14.70" "12.10"
"5302" "太欣" "9.56" "+0.28" "9.28" "9.78" "9.28" "103000" "978090" "47" "9.41" "2" "9.56" "1" "159888349" "10.50" "8.61"
"5309" "系統電" "34.50" "+0.60" "34.50" "34.85" "34.15" "979000" "33835650" "592" "34.50" "2" "34.65" "3" "182557675" "37.95" "31.05"
"5310" "天剛" "27.70" "+0.65" "29.75" "29.75" "27.40" "62000" "1753750" "43" "27.50" "3" "28.05" "2" "28943517" "30.45" "24.95"
"5312" "寶島科" "78.50" "0.00" "78.50" "78.70" "77.00" "243000" "18890800" "205" "78.50" "6" "78.70" "9" "60059898" "86.30" "70.70"
"5314" "世紀" "28.60" "+0.50" "28.10" "29.00" "28.10" "149000" "4280000" "66" "28.60" "1" "28.65" "1" "14700000" "31.45" "25.75"
"5315" "光聯" "18.40" "+0.10" "18.30" "18.40" "18.25" "151000" "2764050" "86" "18.35" "6" "18.40" "7" "106351832" "20.20" "16.60"
"5321" "美而快" "85.50" "-0.60" "86.20" "87.40" "84.90" "279000" "23954800" "247" "85.20" "10" "85.50" "3" "40219174" "94.00" "77.00"
"5324" "士開" "9.68" "+0.08" "9.68" "9.74" "9.60" "151000" "1457170" "64" "9.65" "1" "9.68" "2" "226379090" "10.60" "8.72"
"5328" "華容" "13.30" "+0.25" "13.15" "13.30" "13.00" "555000" "7286900" "300" "13.25" "10" "13.30" "37" "172710724" "14.60" "12.00"
"5340" "建榮" "60.60" "+5.10" "57.40" "60.70" "56.40" "2925000" "173426900" "1734" "60.60" "4" "60.70" "52" "194893964" "66.60" "54.60"
"5344" "立衛" "16.85" "+0.05" "17.00" "17.20" "16.75" "47000" "795000" "25" "16.85" "2" "17.05" "1" "79447460" "18.50" "15.20"
"5345" "天揚" "4.80" "0.00" "4.80" "4.80" "4.80" "2000" "9600" "1" "4.80" "3" "4.89" "1" "56250000" "5.28" "4.32"
"5347" "世界" "71.80" "-0.20" "72.20" "73.00" "71.70" "2175000" "156694800" "1666" "71.80" "1" "71.90" "23" "1638982267" "78.90" "64.70"
"5348" "系通" "16.55" "+1.50" "15.15" "16.55" "15.15" "121000" "1968900" "81" "16.00" "1" "16.55" "13" "28950310" "18.20" "14.90"
"5351" "鈺創" "39.10" "+0.90" "39.10" "39.65" "38.50" "1528000" "59574250" "887" "39.10" "11" "39.15" "2" "284461815" "43.00" "35.20"
"5353" "台林" "36.80" "+0.85" "36.70" "37.15" "36.30" "441000" "16224450" "299" "36.75" "4" "36.80" "6" "75000000" "40.45" "33.15"
"5355" "佳總" "7.30" "+0.05" "7.25" "7.30" "7.15" "35000" "253510" "19" "7.26" "1" "7.30" "9" "166122792" "8.03" "6.57"
"5356" "協益" "26.45" "+0.15" "26.35" "26.65" "26.25" "138000" "3636950" "72" "26.40" "3" "26.45" "1" "103040000" "29.05" "23.85"
"5364" "力麗店" "26.45" "-0.75" "26.70" "26.80" "26.45" "11000" "293450" "7" "26.45" "2" "26.70" "1" "28849940" "29.05" "23.85"
"5371" "中光電" "74.60" "+0.30" "75.20" "75.50" "74.10" "2242000" "167932600" "1486" "74.60" "45" "74.90" "1" "390981110" "82.00" "67.20"
"5381" "合正" "20.55" "+1.55" "19.05" "20.55" "19.00" "993000" "19728950" "566" "20.55" "2" "20.60" "31" "210156837" "22.60" "18.50"
"5383" "金利" "30.40" "+0.30" "29.50" "30.45" "29.50" "12000" "359800" "10" "30.00" "15" "30.40" "2" "79400399" "33.40" "27.40"
"5386" "青雲" "53.90" "+1.30" "53.20" "54.80" "53.20" "333000" "17961400" "253" "53.90" "2" "54.20" "7" "28634219" "59.20" "48.55"
"5392" "能率" "24.15" "+1.65" "23.55" "24.60" "23.55" "1955000" "46898750" "1054" "24.15" "20" "24.25" "2" "168958990" "26.55" "21.75"
"5398" "慕康生醫" "13.65" "+0.30" "14.00" "14.65" "13.40" "388000" "5515150" "239" "13.65" "10" "13.70" "3" "49465460" "15.00" "12.30"
"5403" "中菲" "106.50" "-1.50" "109.00" "110.00" "106.00" "342000" "36774500" "298" "106.00" "10" "106.50" "2" "74308998" "117.00" "95.90"
"5410" "國眾" "32.05" "+0.25" "31.70" "32.15" "31.70" "242000" "7745300" "159" "32.00" "8" "32.10" "3" "89107123" "35.25" "28.85"
"5425" "台半" "78.40" "-0.10" "79.40" "79.40" "77.20" "6668000" "520121400" "4181" "78.30" "22" "78.40" "23" "263485486" "86.20" "70.60"
"5426" "振發" "13.60" "+0.60" "13.10" "13.95" "13.10" "2387000" "32709250" "936" "13.55" "18" "13.60" "17" "143800000" "14.95" "12.25"
"5432" "新門" "50.10" "-0.60" "49.90" "53.50" "49.80" "863000" "44301950" "671" "50.10" "10" "50.50" "9" "20687804" "55.10" "45.10"
"5438" "東友" "17.05" "+0.20" "16.95" "17.10" "16.85" "32000" "542350" "21" "17.05" "1" "17.10" "2" "112536565" "18.75" "15.35"
"5439" "高技" "101.50" "+3.50" "100.50" "102.00" "99.50" "2230000" "224613800" "1500" "101.00" "57" "101.50" "35" "92975752" "111.50" "91.40"
"5443" "均豪" "31.10" "+0.40" "31.05" "31.40" "30.75" "519000" "16176100" "301" "31.05" "7" "31.15" "9" "165136144" "34.20" "28.00"
"5450" "南良" "17.80" "+0.05" "17.80" "17.80" "17.55" "28000" "495200" "19" "17.60" "2" "17.80" "2" "122392250" "19.55" "16.05"
"5452" "佶優" "23.20" "+0.35" "22.95" "23.70" "22.95" "1269000" "29610200" "665" "23.20" "18" "23.25" "24" "148763669" "25.50" "20.90"
"5455" "昇益" "27.70" "+0.65" "27.70" "27.70" "27.70" "1000" "27700" "1" "27.05" "4" "29.65" "1" "65501813" "30.45" "24.95"
"5457" "宣德" "51.60" "+1.30" "51.00" "51.90" "50.60" "757000" "38872500" "512" "51.50" "2" "51.70" "2" "171023900" "56.70" "46.45"
"5460" "同協" "13.00" "+0.50" "12.50" "13.05" "12.50" "168000" "2156000" "72" "13.00" "1" "13.05" "2" "58778130" "14.30" "11.70"
"5464" "霖宏" "29.25" "+1.25" "28.35" "29.35" "28.35" "273000" "7895150" "169" "29.15" "3" "29.25" "4" "71071490" "32.15" "26.35"
"5465" "富驊" "44.60" "+0.95" "44.10" "45.20" "44.10" "731000" "32756250" "452" "44.60" "8" "44.75" "5" "147682629" "49.05" "40.15"
"5468" "凱鈺" "16.80" "+0.05" "16.80" "16.95" "16.50" "13000" "216750" "12" "16.80" "1" "16.90" "5" "35822909" "18.45" "15.15"
"5474" "聰泰" "115.50" "+2.00" "118.00" "119.00" "113.50" "581000" "67102000" "503" "115.00" "30" "115.50" "1" "40355944" "127.00" "104.00"
"5475" "德宏" "12.45" "+0.05" "12.50" "12.80" "12.40" "267000" "3346300" "143" "12.45" "16" "12.55" "10" "127127017" "13.65" "11.25"
"5478" "智冠" "95.70" "-0.60" "96.30" "97.90" "95.50" "377000" "36443900" "283" "95.70" "2" "96.00" "2" "127474332" "105.00" "86.20"
"5481" "新華" "13.65" "0.00" "13.80" "13.80" "13.55" "39000" "531550" "31" "13.65" "1" "13.70" "5" "71402891" "15.00" "12.30"
"5483" "中美晶" "153.00" "-1.50" "155.00" "156.00" "153.00" "3836000" "591233500" "2288" "153.00" "223" "153.50" "3" "586221651" "168.00" "138.00"
"5487" "通泰" "----" "---" "----" "----" "----" "0" "0" "0" "26.30" "1" "26.85" "1" "24122516" "29.15" "23.85"
"5488" "松普" "12.50" "+0.90" "12.50" "12.65" "12.10" "1330000" "16557050" "459" "12.45" "25" "12.50" "41" "91586124" "13.75" "11.25"
"5489" "彩富" "35.90" "除息" "36.30" "37.00" "35.90" "64000" "2313200" "49" "35.90" "1" "36.20" "4" "102706441" "39.45" "32.35"
"5490" "同亨" "21.70" "0.00" "21.60" "21.70" "21.55" "30000" "648250" "27" "21.65" "1" "21.70" "4" "96156201" "23.85" "19.55"
"5493" "三聯" "48.65" "+0.05" "49.00" "49.00" "48.50" "25000" "1215600" "18" "48.40" "1" "48.65" "2" "41608815" "53.50" "43.80"
"5498" "凱崴" "11.00" "+0.15" "10.85" "11.05" "10.85" "203000" "2221250" "116" "10.95" "11" "11.00" "13" "190128346" "12.10" "9.90"
"5508" "永信建" "70.30" "-0.30" "70.60" "71.40" "69.90" "282000" "19848000" "242" "70.30" "1" "70.40" "2" "217428133" "77.30" "63.30"
"5511" "德昌" "74.60" "+1.40" "72.50" "75.80" "72.50" "713000" "53130600" "583" "74.60" "6" "74.70" "6" "113440000" "82.00" "67.20"
"5512" "力麒" "9.10" "+0.14" "8.98" "9.11" "8.97" "958000" "8669820" "330" "9.10" "3" "9.11" "14" "743992712" "10.00" "8.19"
"5514" "三豐" "20.15" "+0.05" "20.25" "20.35" "19.95" "12000" "241400" "9" "20.15" "1" "20.30" "6" "216225530" "22.15" "18.15"
"5516" "雙喜" "28.60" "+0.25" "28.35" "29.35" "28.35" "248000" "7080000" "128" "28.60" "1" "28.70" "2" "45494460" "31.45" "25.75"
"5520" "力泰" "65.00" "-0.50" "65.50" "65.90" "63.70" "11000" "714600" "9" "64.60" "2" "65.10" "1" "59975245" "71.50" "58.50"
"5523" "豐謙" "25.00" "0.00" "25.00" "25.00" "24.90" "48000" "1199850" "24" "24.90" "6" "25.00" "23" "155001464" "27.50" "22.50"
"5529" "鉅陞" "11.10" "0.00" "11.00" "11.10" "10.95" "32000" "352050" "14" "10.95" "4" "11.10" "5" "124052849" "12.20" "9.99"
"5530" "龍巖" "35.90" "+0.05" "36.05" "36.05" "35.85" "121000" "4347850" "88" "35.90" "2" "35.95" "1" "420084199" "39.45" "32.35"
"5536" "聖暉*" "153.00" "+2.00" "152.00" "153.00" "151.50" "268000" "40769500" "203" "152.50" "1" "153.00" "58" "122682290" "168.00" "138.00"
"5543" "桓鼎-KY" "47.25" "-0.15" "43.45" "47.25" "43.45" "4000" "181500" "4" "45.50" "1" "47.00" "2" "39304459" "51.90" "42.55"
"5601" "台聯櫃" "34.95" "-0.80" "35.75" "35.75" "34.95" "16000" "560250" "3" "35.00" "2" "35.80" "2" "64800000" "38.40" "31.50"
"5603" "陸海" "20.55" "-0.05" "20.65" "20.85" "20.55" "188000" "3883100" "69" "20.55" "6" "20.60" "3" "104876607" "22.60" "18.50"
"5604" "中連" "47.00" "-0.30" "47.30" "47.30" "46.50" "45000" "2112600" "25" "46.80" "2" "47.00" "17" "108782968" "51.70" "42.30"
"5609" "中菲行" "75.00" "+1.30" "74.00" "75.00" "73.80" "135000" "10064600" "107" "74.90" "2" "75.00" "13" "142884000" "82.50" "67.50"
"5701" "劍湖山" "7.50" "0.00" "7.40" "7.70" "7.40" "56000" "416860" "33" "7.48" "1" "7.50" "2" "143000000" "8.25" "6.75"
"5703" "亞都" "24.20" "0.00" "23.95" "24.30" "23.70" "50000" "1203350" "43" "24.00" "1" "24.20" "5" "70239594" "26.60" "21.80"
"5704" "老爺知" "52.60" "-1.00" "53.90" "54.20" "50.80" "556000" "29082200" "474" "52.50" "2" "52.70" "3" "38861658" "57.80" "47.35"
"5864" "致和證" "22.85" "+0.35" "22.85" "23.20" "22.70" "1019000" "23393000" "425" "22.85" "5" "22.90" "3" "272181122" "25.10" "20.60"
"5878" "台名" "----" "---" "----" "----" "----" "0" "0" "0" "48.40" "3" "48.55" "1" "25024303" "53.20" "43.60"
"5902" "德記" "35.60" "+0.30" "35.30" "36.15" "35.00" "35000" "1245700" "29" "35.60" "2" "35.90" "1" "94500000" "39.15" "32.05"
"5903" "全家" "208.50" "+0.50" "208.50" "208.50" "207.50" "19000" "3951500" "19" "208.50" "1" "209.00" "2" "223220000" "229.00" "188.00"
"5904" "寶雅" "492.00" "-18.00" "509.00" "509.00" "491.00" "366000" "181583000" "325" "492.00" "1" "492.50" "1" "103203868" "541.00" "443.00"
"5905" "南仁湖" "12.00" "+0.10" "11.90" "12.10" "11.90" "672000" "8030700" "247" "11.95" "7" "12.00" "15" "249824637" "13.20" "10.80"
"6015" "宏遠證" "11.70" "+0.05" "11.70" "12.00" "11.65" "1399000" "16464700" "512" "11.65" "111" "11.70" "16" "351251595" "12.85" "10.55"
"6016" "康和證" "14.05" "+0.10" "13.95" "14.20" "13.95" "2145000" "30201350" "576" "14.05" "42" "14.10" "17" "594454986" "15.45" "12.65"
"6020" "大展證" "18.80" "+0.10" "18.90" "18.90" "18.70" "6000" "112800" "6" "18.70" "4" "18.80" "4" "252353154" "20.65" "16.95"
"6021" "美好證" "14.75" "-0.05" "14.80" "14.80" "14.65" "23000" "338700" "17" "14.75" "2" "14.80" "8" "310965974" "16.20" "13.30"
"6023" "元大期" "55.40" "-0.40" "55.80" "55.80" "55.40" "71000" "3952100" "49" "55.40" "1" "55.50" "2" "289976288" "60.90" "49.90"
"6026" "福邦證" "13.15" "+0.05" "13.15" "13.25" "13.05" "1773000" "23259400" "548" "13.10" "35" "13.15" "25" "396161841" "14.45" "11.85"
"6101" "寬魚國際" "41.70" "+0.05" "41.70" "42.25" "40.75" "791000" "32746750" "576" "41.65" "2" "41.70" "13" "116422371" "45.85" "37.55"
"6103" "合邦" "----" "---" "----" "----" "----" "0" "0" "0" "35.40" "1" "39.25" "1" "13604891" "43.15" "35.35"
"6104" "創惟" "94.80" "+0.40" "95.70" "96.50" "94.20" "876000" "83538600" "675" "94.80" "3" "94.90" "2" "90279184" "104.00" "85.40"
"6109" "亞元" "15.05" "+0.25" "15.15" "15.20" "14.95" "108000" "1624100" "62" "15.00" "3" "15.05" "13" "66875414" "16.55" "13.55"
"6111" "大宇資" "75.10" "+0.50" "74.50" "75.10" "73.60" "1349000" "100587800" "850" "75.10" "9" "75.20" "23" "85262959" "82.60" "67.60"
"6113" "亞矽" "13.85" "+0.30" "13.70" "14.35" "13.70" "543000" "7650550" "193" "13.85" "9" "14.00" "5" "50047100" "15.20" "12.50"
"6114" "久威" "33.90" "-0.75" "34.65" "36.35" "33.20" "1686000" "58778500" "1240" "33.90" "4" "33.95" "4" "43911937" "37.25" "30.55"
"6118" "建達" "26.55" "+0.70" "26.30" "26.55" "26.20" "289000" "7628450" "222" "26.45" "4" "26.55" "3" "90889573" "29.20" "23.90"
"6121" "新普" "299.50" "-3.50" "303.00" "305.00" "299.50" "569000" "171699000" "446" "299.50" "22" "300.00" "1" "184970519" "329.00" "270.00"
"6122" "擎邦" "45.35" "+1.05" "44.60" "46.45" "44.60" "5768000" "262865150" "3174" "45.30" "3" "45.35" "41" "72206780" "49.85" "40.85"
"6123" "上奇" "65.50" "+0.50" "65.00" "65.90" "65.00" "43000" "2814400" "35" "65.40" "1" "65.50" "22" "62089430" "72.00" "59.00"
"6124" "業強" "33.20" "+0.95" "32.55" "33.45" "32.55" "98000" "3241450" "66" "33.05" "1" "33.20" "3" "182479945" "36.50" "29.90"
"6125" "廣運" "71.80" "+0.50" "73.00" "74.30" "70.90" "21018000" "1520801400" "12578" "71.70" "52" "71.80" "103" "249011150" "78.90" "64.70"
"6126" "信音" "29.65" "+0.80" "29.25" "29.80" "29.10" "648000" "19121950" "357" "29.60" "7" "29.65" "12" "117265587" "32.60" "26.70"
"6127" "九豪" "22.20" "+1.70" "20.80" "22.25" "20.80" "1244000" "27153500" "692" "22.15" "2" "22.20" "4" "108079751" "24.40" "20.00"
"6129" "普誠" "28.25" "+0.05" "28.25" "28.60" "28.25" "753000" "21360650" "432" "28.25" "16" "28.30" "2" "180943675" "31.05" "25.45"
"6130" "星寶國際" "30.25" "+0.15" "29.35" "30.40" "29.10" "55000" "1632900" "30" "29.90" "3" "30.30" "1" "44300000" "33.25" "27.25"
"6134" "萬旭" "20.10" "+0.05" "20.05" "20.15" "19.85" "112000" "2239000" "60" "20.00" "4" "20.10" "2" "72584549" "22.10" "18.10"
"6138" "茂達" "125.00" "-1.00" "128.50" "129.50" "124.50" "1287000" "162496500" "918" "125.00" "28" "125.50" "22" "74067500" "137.50" "112.50"
"6140" "訊達" "20.05" "-0.10" "20.25" "20.50" "20.05" "126000" "2543700" "59" "20.05" "20" "20.15" "1" "42204696" "22.05" "18.05"
"6143" "振曜" "70.00" "-0.20" "70.80" "72.00" "70.00" "901000" "63812700" "639" "70.00" "10" "70.10" "1" "87506897" "77.00" "63.00"
"6144" "得利影" "13.65" "-0.10" "13.80" "13.80" "13.60" "16000" "218800" "10" "13.65" "1" "14.00" "2" "38273701" "15.00" "12.30"
"6146" "耕興" "243.00" "+2.00" "244.00" "244.50" "241.50" "228000" "55489000" "209" "243.00" "30" "243.50" "3" "101867199" "267.00" "219.00"
"6147" "頎邦" "67.00" "0.00" "67.60" "67.70" "66.80" "2031000" "136605500" "1196" "67.00" "56" "67.20" "2" "738675539" "73.70" "60.30"
"6148" "驊宏資" "35.15" "+0.70" "35.45" "35.70" "34.60" "526000" "18393650" "342" "35.10" "1" "35.15" "1" "46603757" "38.65" "31.65"
"6150" "撼訊" "73.70" "+1.30" "73.40" "74.50" "73.20" "529000" "39009300" "393" "73.60" "2" "73.90" "2" "48345985" "81.00" "66.40"
"6151" "晉倫" "26.25" "-0.20" "26.45" "26.45" "26.20" "41000" "1078000" "27" "26.30" "2" "26.35" "1" "55257300" "28.85" "23.65"
"6154" "順發" "16.60" "-0.15" "16.75" "16.75" "16.60" "35000" "582150" "16" "16.60" "21" "16.65" "10" "80080000" "18.25" "14.95"
"6156" "松上" "19.65" "+0.40" "19.40" "19.80" "19.40" "414000" "8107800" "218" "19.60" "4" "19.65" "3" "78027609" "21.60" "17.70"
"6158" "禾昌" "35.70" "+0.10" "36.45" "36.70" "34.80" "1181000" "42035350" "814" "35.65" "17" "35.70" "7" "55047988" "39.25" "32.15"
"6160" "欣技" "24.70" "-0.40" "24.90" "25.40" "24.60" "366000" "9128600" "249" "24.70" "1" "24.75" "6" "68489120" "27.15" "22.25"
"6161" "捷波" "37.60" "+0.05" "38.00" "38.65" "37.55" "561000" "21355200" "345" "37.60" "4" "37.65" "3" "74983303" "41.35" "33.85"
"6163" "華電網" "17.70" "-0.20" "18.20" "18.20" "17.65" "617000" "10988250" "318" "17.65" "31" "17.70" "7" "140354175" "19.45" "15.95"
"6167" "久正" "16.80" "+0.30" "16.90" "17.05" "16.70" "1524000" "25703450" "601" "16.80" "1" "16.85" "28" "162173221" "18.45" "15.15"
"6169" "昱泉" "20.20" "-0.10" "20.85" "20.85" "20.05" "42000" "852850" "37" "20.20" "1" "20.50" "1" "23394960" "22.20" "18.20"
"6170" "統振" "50.20" "+1.90" "48.30" "50.50" "48.10" "1983000" "98809200" "1340" "50.20" "4" "50.30" "29" "89670038" "55.20" "45.20"
"6171" "大城地產" "21.40" "+0.05" "21.35" "21.50" "21.35" "57000" "1217150" "12" "21.30" "1" "21.40" "1" "100000000" "23.50" "19.30"
"6173" "信昌電" "42.25" "+0.85" "41.55" "42.80" "41.55" "779000" "33022600" "522" "42.25" "2" "42.30" "14" "172000000" "46.45" "38.05"
"6174" "安碁" "22.90" "+0.15" "22.85" "22.90" "22.80" "22000" "502550" "16" "22.90" "1" "23.05" "1" "50000000" "25.15" "20.65"
"6175" "立敦" "34.85" "+0.55" "34.50" "34.90" "34.50" "123000" "4268650" "84" "34.80" "1" "34.85" "10" "143219606" "38.30" "31.40"
"6179" "亞通" "30.75" "+1.75" "29.00" "30.80" "28.85" "912000" "27081850" "534" "30.70" "21" "30.75" "10" "109704197" "33.80" "27.70"
"6180" "橘子" "66.30" "+0.10" "66.40" "66.70" "65.80" "304000" "20172400" "259" "66.30" "16" "66.40" "1" "175493573" "72.90" "59.70"
"6182" "合晶" "39.25" "0.00" "39.60" "39.70" "38.90" "2673000" "104966350" "1677" "39.25" "58" "39.30" "65" "541883730" "43.15" "35.35"
"6185" "幃翔" "16.95" "+0.35" "16.60" "17.05" "16.60" "579000" "9720150" "262" "16.85" "9" "16.95" "5" "149867531" "18.60" "15.30"
"6186" "新潤" "49.00" "+0.75" "48.25" "49.40" "48.25" "285000" "13934000" "164" "48.80" "1" "49.00" "22" "149986129" "53.90" "44.10"
"6187" "萬潤" "110.50" "0.00" "113.00" "115.50" "109.50" "3124000" "350985000" "2186" "110.50" "68" "111.00" "35" "83323902" "121.50" "99.50"
"6188" "廣明" "102.00" "+2.10" "104.00" "106.00" "101.00" "16792000" "1732427000" "10555" "102.00" "5" "102.50" "153" "278358910" "112.00" "91.80"
"6190" "萬泰科" "33.30" "+0.30" "33.50" "33.65" "33.20" "741000" "24758800" "422" "33.30" "4" "33.40" "7" "161667992" "36.60" "30.00"
"6194" "育富" "35.40" "+1.40" "34.75" "36.10" "34.20" "1450000" "51113100" "967" "35.40" "13" "35.45" "1" "48000000" "38.90" "31.90"
"6195" "詩肯" "41.00" "0.00" "41.00" "41.35" "40.05" "89000" "3620050" "76" "40.95" "2" "41.00" "1" "50192942" "45.10" "36.90"
"6198" "瑞築" "32.35" "-2.15" "32.65" "33.35" "32.35" "156000" "5093850" "109" "32.35" "2" "32.40" "1" "22635350" "35.55" "29.15"
"6199" "天品" "----" "---" "----" "----" "----" "0" "0" "0" "17.15" "2" "17.65" "1" "61760018" "19.40" "15.90"
"006201" "元大富櫃50" "17.84" "+0.10" "17.82" "17.86" "17.70" "66000" "1174510" "23" "17.79" "3" "17.83" "25" "17946000" "19.62" "16.06"
"6203" "海韻電" "109.00" "+5.50" "105.00" "109.50" "104.50" "4066000" "439566500" "2760" "108.50" "21" "109.00" "80" "81039369" "119.50" "98.10"
"6204" "艾華" "75.60" "+5.90" "72.10" "75.60" "72.00" "1302000" "96615600" "991" "75.50" "13" "75.70" "9" "23102080" "83.10" "68.10"
"6207" "雷科" "31.90" "+1.40" "30.90" "32.20" "30.90" "475000" "15100800" "324" "31.85" "10" "31.90" "9" "79679910" "35.05" "28.75"
"6208" "日揚" "46.65" "+0.55" "46.15" "47.15" "46.00" "183000" "8465400" "112" "46.50" "1" "46.65" "3" "118201679" "51.30" "42.00"
"6210" "慶生" "31.80" "0.00" "31.80" "31.80" "31.75" "11000" "349750" "10" "31.75" "6" "31.80" "6" "35048000" "34.95" "28.65"
"6212" "理銘" "44.40" "-0.05" "44.25" "44.40" "44.25" "7000" "310600" "3" "44.50" "1" "46.80" "1" "102000000" "48.80" "40.00"
"6217" "中探針" "43.10" "0.00" "43.20" "43.70" "43.05" "759000" "32830150" "531" "43.10" "1" "43.20" "11" "97108018" "47.40" "38.80"
"6218" "豪勉" "26.70" "+0.60" "27.00" "27.35" "26.55" "908000" "24475000" "493" "26.70" "23" "26.90" "1" "64262000" "29.35" "24.05"
"6219" "富旺" "24.00" "-0.25" "24.15" "24.50" "23.65" "728000" "17533100" "361" "24.00" "19" "24.15" "1" "94016276" "26.40" "21.60"
"6220" "岳豐" "26.15" "+0.05" "26.10" "26.40" "26.10" "403000" "10553400" "185" "26.15" "15" "26.20" "32" "144868186" "28.75" "23.55"
"6221" "晉泰" "78.00" "-0.40" "79.20" "80.90" "77.00" "177000" "14038800" "126" "78.00" "2" "78.60" "2" "82678750" "85.80" "70.20"
"6222" "上揚" "34.00" "+0.10" "33.10" "34.80" "33.10" "69000" "2333350" "42" "34.00" "1" "34.25" "1" "40588878" "37.40" "30.60"
"6223" "旺矽" "192.00" "+2.50" "194.50" "196.00" "191.00" "3313000" "641571500" "2210" "192.00" "25" "192.50" "55" "94231106" "211.00" "173.00"
"6227" "茂綸" "45.55" "+0.40" "45.50" "45.60" "45.05" "123000" "5576800" "93" "45.50" "1" "45.55" "3" "76111786" "50.10" "41.00"
"6228" "全譜" "11.90" "-0.05" "11.85" "11.95" "11.85" "12000" "142800" "7" "11.90" "3" "12.00" "3" "45000000" "13.05" "10.75"
"6229" "研通" "25.20" "0.00" "25.25" "25.30" "25.20" "40000" "1009950" "25" "25.20" "8" "25.25" "1" "35640700" "27.70" "22.70"
"6231" "系微" "130.00" "+9.50" "123.50" "132.00" "122.00" "3225000" "411404000" "2084" "129.50" "30" "130.00" "11" "38043488" "143.00" "117.00"
"6233" "旺玖" "23.30" "+0.45" "23.00" "23.45" "22.95" "152000" "3531250" "102" "23.25" "15" "23.30" "1" "79609896" "25.60" "21.00"
"6234" "高僑" "30.25" "+0.15" "30.15" "30.75" "30.15" "1200000" "36422250" "411" "30.25" "59" "30.30" "1" "100386398" "33.25" "27.25"
"6236" "康呈" "19.80" "-2.20" "22.00" "22.00" "19.80" "32000" "638000" "12" "0.00" "0" "22.20" "2" "41654039" "21.75" "17.85"
"6237" "驊訊" "35.05" "+0.50" "34.75" "35.35" "34.75" "111000" "3881900" "85" "35.00" "10" "35.10" "1" "78641621" "38.55" "31.55"
"6240" "松崗" "21.90" "-0.45" "21.80" "22.40" "21.80" "49000" "1075600" "41" "21.90" "13" "21.95" "1" "22867370" "24.05" "19.75"
"6241" "易通展" "12.75" "-0.05" "13.15" "13.15" "12.65" "75000" "958850" "47" "12.75" "1" "12.80" "4" "48700000" "14.00" "11.50"
"6242" "立康" "56.80" "+1.00" "56.60" "56.80" "56.00" "14000" "790800" "13" "56.30" "1" "57.10" "1" "26806500" "62.40" "51.20"
"6244" "茂迪" "28.45" "+0.35" "28.35" "28.80" "28.35" "1651000" "47082450" "827" "28.45" "34" "28.50" "25" "387041875" "31.25" "25.65"
"6245" "立端" "105.00" "+5.00" "102.00" "105.00" "102.00" "1664000" "173004500" "1096" "104.50" "41" "105.00" "6" "118507438" "115.50" "94.50"
"6246" "臺龍" "----" "---" "----" "----" "----" "0" "0" "0" "13.35" "1" "13.55" "1" "37109225" "14.65" "12.05"
"6248" "沛波" "27.75" "+0.25" "27.50" "27.75" "27.30" "587000" "16197550" "302" "27.65" "14" "27.75" "18" "68243295" "30.50" "25.00"
"6259" "百徽" "19.10" "-0.05" "19.50" "19.50" "19.10" "3000" "57850" "3" "19.05" "1" "19.25" "2" "21451891" "21.00" "17.20"
"6261" "久元" "62.50" "+0.20" "62.30" "62.90" "62.20" "249000" "15568900" "196" "62.50" "7" "62.60" "5" "128497989" "68.70" "56.30"
"6263" "普萊德" "123.00" "+4.50" "119.50" "123.50" "119.50" "112000" "13729500" "96" "123.00" "1" "123.50" "22" "62500964" "135.00" "111.00"
"6264" "富裔" "7.36" "-0.11" "7.40" "7.47" "7.34" "53000" "391570" "34" "7.36" "2" "7.44" "1" "116355291" "8.09" "6.63"
"6265" "方土昶" "9.99" "+0.02" "10.00" "10.05" "9.90" "245000" "2439760" "127" "9.99" "3" "10.00" "31" "118172151" "10.95" "9.00"
"6266" "泰詠" "33.65" "+0.75" "33.00" "33.75" "33.00" "710000" "23679200" "358" "33.60" "2" "33.65" "2" "138233397" "37.00" "30.30"
"6270" "倍微" "22.35" "-0.20" "22.50" "22.60" "22.25" "297000" "6650550" "152" "22.35" "1" "22.45" "4" "72145759" "24.55" "20.15"
"6274" "台燿" "120.00" "+2.50" "122.50" "124.50" "118.00" "13113000" "1588851500" "8000" "120.00" "62" "120.50" "120" "269285549" "132.00" "108.00"
"6275" "元山" "45.90" "+2.20" "44.85" "46.10" "44.40" "2522000" "114413700" "1553" "45.85" "7" "45.90" "15" "71356863" "50.40" "41.35"
"6276" "安鈦克" "41.10" "+0.85" "40.50" "41.45" "40.50" "457000" "18765200" "271" "41.00" "3" "41.10" "11" "31490000" "45.20" "37.00"
"6279" "胡連" "147.00" "+3.50" "144.50" "147.00" "143.50" "490000" "71121500" "375" "146.50" "6" "147.00" "24" "99654707" "161.50" "132.50"
"6284" "佳邦" "48.15" "+2.35" "47.00" "48.50" "47.00" "900000" "43197900" "598" "48.10" "1" "48.15" "4" "140180341" "52.90" "43.35"
"6287" "元隆" "20.00" "+0.05" "19.95" "20.00" "19.95" "5000" "99900" "3" "19.35" "3" "20.05" "1" "109536398" "22.00" "18.00"
"6290" "良維" "53.30" "+0.50" "53.50" "53.90" "53.10" "789000" "42185300" "543" "53.30" "18" "53.40" "4" "153773605" "58.60" "48.00"
"6291" "沛亨" "179.00" "+11.50" "167.50" "183.50" "167.50" "73000" "12954000" "70" "177.00" "1" "181.00" "2" "42000000" "196.50" "161.50"
"6292" "迅德" "46.00" "-0.35" "46.60" "46.60" "46.00" "58000" "2682300" "44" "45.80" "3" "46.00" "2" "46900712" "50.60" "41.40"
"6294" "智基" "112.00" "+0.50" "111.50" "113.00" "111.50" "20000" "2242000" "17" "112.00" "2" "112.50" "1" "24572741" "123.00" "101.00"
"6404" "通訊-KY" "21.00" "+0.50" "21.00" "21.00" "21.00" "1000" "21000" "1" "19.50" "1" "20.45" "1" "24358000" "23.10" "18.90"
"6411" "晶焱" "105.00" "+1.50" "104.50" "106.00" "103.50" "698000" "72892000" "446" "104.50" "15" "105.00" "23" "98307631" "115.50" "94.50"
"6417" "韋僑" "116.00" "+5.00" "112.50" "118.50" "112.00" "634000" "73289000" "516" "116.00" "13" "117.50" "7" "42274000" "127.50" "104.50"
"6418" "詠昇" "24.40" "+2.20" "22.45" "24.40" "22.40" "6756000" "161613500" "2769" "24.40" "13" "0.00" "0" "34522000" "26.80" "22.00"
"6419" "京晨科" "35.70" "0.00" "36.30" "36.30" "34.60" "51000" "1814650" "31" "35.10" "1" "35.70" "1" "13159170" "39.25" "32.15"
"6425" "易發" "20.95" "-0.05" "20.90" "21.00" "20.70" "48000" "1001300" "29" "20.90" "1" "21.00" "6" "43602000" "23.00" "18.90"
"6432" "今展科" "35.15" "-0.35" "35.60" "36.30" "35.15" "762000" "27138850" "451" "35.15" "16" "35.35" "7" "30592835" "38.65" "31.65"
"6435" "大中" "100.00" "+0.10" "100.00" "100.00" "99.50" "29000" "2892900" "24" "99.90" "1" "100.00" "1" "33433000" "110.00" "90.00"
"6441" "廣錠" "52.40" "+1.10" "51.50" "52.70" "51.50" "185000" "9633800" "127" "52.40" "2" "52.50" "2" "53318429" "57.60" "47.20"
"6446" "藥華藥" "292.50" "+9.50" "283.00" "293.50" "274.00" "4730000" "1352254000" "3638" "292.50" "67" "293.00" "33" "339578891" "321.50" "263.50"
"6457" "紘康" "44.85" "-0.35" "44.80" "45.50" "44.35" "53000" "2377150" "41" "44.85" "1" "45.00" "2" "31854792" "49.30" "40.40"
"6461" "益得" "28.10" "+0.60" "27.50" "28.10" "27.50" "95000" "2641250" "77" "28.00" "17" "28.10" "2" "116933000" "30.90" "25.30"
"6462" "神盾" "81.80" "-1.10" "83.70" "84.40" "81.50" "340000" "28122000" "295" "81.80" "4" "82.00" "12" "74271754" "89.90" "73.70"
"6465" "威潤" "18.30" "-0.20" "18.50" "18.50" "18.15" "20000" "369250" "11" "18.40" "2" "18.75" "2" "32281675" "20.10" "16.50"
"6469" "大樹" "350.50" "-10.00" "360.00" "361.00" "348.50" "963000" "339765500" "876" "350.50" "5" "351.50" "3" "111329851" "385.50" "315.50"
"6470" "宇智" "69.60" "+1.30" "68.50" "69.70" "68.50" "540000" "37364200" "400" "69.50" "1" "69.60" "1" "37694100" "76.50" "62.70"
"6472" "保瑞" "700.00" "+50.00" "675.00" "715.00" "662.00" "3775000" "2621157000" "2972" "700.00" "7" "701.00" "57" "100858834" "770.00" "630.00"
"6482" "弘煜科" "42.25" "+1.00" "41.25" "42.40" "41.05" "9000" "375350" "9" "41.35" "1" "42.30" "2" "18863284" "46.45" "38.05"
"6485" "點序" "83.10" "+0.70" "84.00" "84.40" "82.50" "236000" "19662900" "183" "83.10" "3" "83.20" "4" "44676008" "91.40" "74.80"
"6486" "互動" "68.50" "+0.10" "68.40" "68.80" "68.20" "108000" "7389500" "84" "68.40" "1" "68.60" "3" "41569450" "75.30" "61.70"
"6488" "環球晶" "458.00" "-5.50" "470.00" "470.00" "457.00" "1112000" "512551500" "967" "458.00" "7" "459.00" "2" "435237000" "503.00" "412.50"
"6492" "生華科" "41.25" "+0.25" "41.05" "41.45" "41.00" "90000" "3706100" "69" "41.25" "3" "41.40" "1" "89743620" "45.35" "37.15"
"6494" "九齊" "58.40" "0.00" "58.60" "58.60" "58.00" "46000" "2682900" "40" "58.00" "4" "58.40" "4" "31559690" "64.20" "52.60"
"6496" "科懋" "28.30" "+0.15" "28.05" "28.30" "28.05" "14000" "394100" "12" "28.25" "2" "28.35" "2" "47487612" "31.10" "25.50"
"6499" "益安" "51.80" "+0.60" "50.20" "53.00" "50.20" "51000" "2638300" "36" "51.80" "1" "52.10" "1" "87862589" "56.90" "46.65"
"6506" "雙邦" "17.85" "+0.05" "17.80" "17.90" "17.80" "38000" "678100" "29" "17.80" "27" "17.90" "1" "82360826" "19.60" "16.10"
"6508" "惠光" "33.75" "+0.45" "33.30" "33.80" "33.30" "136000" "4565600" "86" "33.70" "4" "33.75" "1" "86538864" "37.10" "30.40"
"6509" "聚和" "36.65" "+0.25" "36.50" "36.85" "36.50" "314000" "11513250" "226" "36.60" "20" "36.70" "1" "173490326" "40.30" "33.00"
"6510" "精測" "482.50" "+3.50" "489.00" "492.00" "480.00" "53000" "25662500" "53" "482.50" "2" "483.50" "1" "32789022" "530.00" "434.50"
"6512" "啟發電" "21.00" "+0.05" "20.90" "21.00" "20.90" "22000" "461400" "6" "20.60" "8" "20.95" "3" "25000000" "23.10" "18.90"
"6514" "芮特-KY" "47.70" "-0.80" "48.55" "48.70" "46.55" "45000" "2150200" "37" "47.70" "1" "48.00" "1" "30015382" "52.40" "42.95"
"6516" "勤崴國際" "87.80" "+0.80" "87.00" "87.90" "87.00" "29000" "2536500" "28" "87.30" "2" "87.50" "2" "51247212" "96.50" "79.10"
"6517" "保勝光學" "79.20" "+1.40" "78.30" "80.30" "78.30" "319000" "25269400" "239" "79.00" "1" "79.30" "2" "30579053" "87.10" "71.30"
"6523" "達爾膚" "130.00" "+2.50" "128.00" "130.00" "127.00" "131000" "16882500" "110" "129.50" "3" "130.50" "7" "45047625" "143.00" "117.00"
"6527" "明達醫" "86.90" "+0.10" "87.80" "88.40" "86.20" "198000" "17254600" "150" "86.80" "1" "86.90" "5" "25458550" "95.50" "78.30"
"6530" "創威" "27.45" "+0.85" "26.90" "28.30" "26.65" "352000" "9671800" "240" "27.45" "2" "27.50" "10" "33750000" "30.15" "24.75"
"6532" "瑞耘" "57.80" "+0.40" "58.70" "59.20" "56.90" "301000" "17401000" "252" "57.60" "1" "57.80" "3" "37445147" "63.50" "52.10"
"6535" "順藥" "60.60" "-0.70" "61.30" "61.90" "60.50" "375000" "22919700" "252" "60.60" "17" "60.90" "6" "163112825" "66.60" "54.60"
"6538" "倉和" "162.50" "+1.00" "161.50" "162.50" "151.50" "3561000" "560645000" "2834" "162.00" "5" "162.50" "28" "38205000" "178.50" "146.50"
"6542" "隆中" "59.30" "+2.20" "58.50" "59.30" "58.50" "2000" "117800" "2" "57.20" "3" "58.90" "1" "42000630" "65.20" "53.40"
"6546" "正基" "86.10" "+0.90" "85.50" "86.80" "85.30" "195000" "16783200" "164" "86.00" "2" "86.10" "1" "66226937" "94.70" "77.50"
"6547" "高端疫苗" "63.40" "+0.70" "62.40" "63.40" "61.60" "2887000" "181228100" "1786" "63.40" "16" "63.50" "74" "328356800" "69.70" "57.10"
"6548" "長科*" "34.40" "-0.10" "34.55" "35.10" "34.35" "1515000" "52462250" "917" "34.40" "20" "34.70" "1" "950538700" "37.80" "31.00"
"6556" "勝品" "97.00" "0.00" "96.80" "98.40" "94.60" "22000" "2128600" "18" "96.80" "3" "97.00" "1" "28750000" "106.50" "87.30"
"6560" "欣普羅" "30.50" "0.00" "30.50" "30.50" "30.25" "8000" "243250" "8" "30.50" "4" "30.75" "12" "25874715" "33.55" "27.45"
"6561" "是方" "411.00" "+11.00" "403.00" "413.00" "396.50" "184000" "74875500" "176" "409.50" "1" "411.50" "3" "70744881" "452.00" "370.00"
"6568" "宏觀" "124.00" "+2.00" "125.00" "125.50" "123.50" "65000" "8062500" "59" "123.50" "15" "124.50" "3" "30739920" "136.00" "112.00"
"6569" "醫揚" "172.50" "+1.00" "175.50" "182.00" "172.00" "290000" "51310500" "251" "172.50" "2" "173.00" "2" "33288300" "189.50" "155.50"
"6570" "維田" "57.50" "+0.40" "56.40" "58.30" "56.40" "150000" "8635200" "98" "57.50" "1" "57.70" "1" "36901045" "63.20" "51.80"
"6574" "霈方" "55.60" "+0.60" "55.60" "55.60" "55.60" "3000" "166800" "3" "54.50" "1" "55.50" "2" "21990000" "61.10" "50.10"
"6576" "逸達" "77.00" "+0.60" "76.30" "77.40" "76.00" "134000" "10299200" "117" "77.00" "11" "77.10" "2" "135771142" "84.70" "69.30"
"6577" "勁豐" "89.80" "-1.70" "90.90" "92.00" "89.80" "201000" "18265800" "147" "89.80" "4" "90.30" "1" "38254870" "98.70" "80.90"
"6578" "達邦蛋白" "16.25" "+0.50" "15.75" "16.30" "15.75" "106000" "1699550" "57" "16.20" "20" "16.25" "3" "59710319" "17.85" "14.65"
"6584" "南俊國際" "63.00" "+0.10" "65.40" "65.40" "63.00" "168000" "10761000" "138" "63.00" "10" "63.30" "2" "65642600" "69.30" "56.70"
"6588" "東典光電" "29.30" "+0.15" "29.45" "29.95" "29.30" "10000" "296500" "10" "29.15" "1" "29.75" "1" "26700825" "32.20" "26.40"
"6589" "台康生技" "92.00" "+0.70" "92.00" "92.80" "91.10" "1126000" "103611300" "819" "91.90" "22" "92.50" "8" "304667204" "101.00" "82.80"
"6590" "普鴻" "87.00" "-0.50" "87.80" "88.10" "86.70" "63000" "5510800" "55" "86.80" "4" "87.30" "1" "21291250" "95.70" "78.30"
"6593" "台灣銘板" "79.60" "-0.40" "80.70" "81.80" "79.00" "138000" "10998500" "111" "79.60" "1" "79.70" "1" "21336050" "87.50" "71.70"
"6596" "寬宏藝術" "49.50" "-0.45" "49.95" "50.70" "49.30" "254000" "12662000" "188" "49.50" "1" "49.60" "1" "30000000" "54.40" "44.55"
"6603" "富強鑫" "16.15" "0.00" "16.25" "16.25" "16.10" "293000" "4734350" "110" "16.10" "9" "16.15" "4" "152413521" "17.75" "14.55"
"6609" "瀧澤科" "30.90" "-2.25" "32.85" "33.05" "30.75" "1043000" "32938600" "555" "30.90" "17" "31.00" "1" "72456246" "33.95" "27.85"
"6612" "奈米醫材" "129.50" "+3.00" "127.50" "130.00" "126.50" "85000" "10953000" "50" "129.00" "2" "130.00" "3" "34163900" "142.00" "117.00"
"6613" "朋億*" "126.50" "+3.50" "124.50" "128.00" "124.00" "990000" "124847000" "705" "126.00" "11" "126.50" "8" "67929139" "139.00" "114.00"
"6615" "慧智" "40.20" "-0.10" "40.00" "40.65" "40.00" "13000" "522950" "13" "40.20" "2" "40.55" "1" "21362400" "44.20" "36.20"
"6616" "特昇-KY" "13.70" "-0.05" "13.70" "13.70" "13.55" "8000" "108850" "7" "13.55" "1" "13.60" "1" "30065927" "15.05" "12.35"
"6624" "萬年清" "----" "---" "----" "----" "----" "0" "0" "0" "46.30" "3" "47.00" "1" "18000000" "51.70" "42.30"
"6629" "泰金-KY" "46.20" "+0.60" "45.00" "46.20" "45.00" "2000" "91200" "2" "45.10" "1" "46.20" "2" "35714166" "50.80" "41.60"
"6640" "均華" "120.00" "+0.50" "116.50" "121.00" "116.50" "39000" "4664500" "27" "119.00" "1" "120.00" "7" "28276500" "132.00" "108.00"
"6642" "富致" "48.25" "+0.70" "47.55" "48.25" "47.55" "10000" "476450" "9" "47.70" "1" "48.00" "2" "37399662" "53.00" "43.45"
"6643" "M31" "871.00" "+35.00" "875.00" "875.00" "836.00" "780000" "670369000" "728" "864.00" "1" "871.00" "1" "34867800" "958.00" "784.00"
"6649" "台生材" "33.50" "-0.25" "33.50" "33.70" "33.35" "30000" "1003150" "26" "33.40" "5" "33.55" "1" "42000000" "36.85" "30.15"
"6651" "全宇昕" "69.80" "+0.20" "69.60" "70.70" "69.40" "31000" "2166500" "23" "69.60" "2" "69.90" "1" "34601541" "76.70" "62.90"
"6654" "天正國際" "42.65" "-0.35" "42.60" "42.70" "42.60" "9000" "383750" "7" "42.65" "1" "43.85" "1" "33262720" "46.90" "38.40"
"6661" "威健生技" "23.00" "0.00" "22.60" "23.00" "22.60" "29000" "658600" "17" "22.70" "2" "23.05" "1" "23304248" "25.30" "20.70"
"6662" "樂斯科" "32.60" "-1.20" "32.70" "33.40" "32.50" "70000" "2289500" "45" "32.55" "2" "33.05" "1" "25612400" "34.20" "28.00"
"6664" "群翊" "158.50" "+14.00" "148.50" "158.50" "148.00" "2971000" "458741000" "2076" "158.50" "6637" "0.00" "0" "56416635" "174.00" "143.00"
"6667" "信紘科" "75.40" "+1.80" "74.10" "75.40" "74.10" "132000" "9898100" "80" "75.00" "5" "75.40" "3" "44778878" "82.90" "67.90"
"6679" "鈺太" "352.50" "+11.50" "342.00" "354.50" "342.00" "360000" "125992500" "319" "352.50" "2" "353.00" "6" "54939335" "387.50" "317.50"
"6680" "鑫創電子" "88.80" "+0.10" "89.00" "89.00" "88.80" "2000" "177800" "2" "88.80" "3" "93.90" "1" "21042867" "97.60" "80.00"
"6683" "雍智科技" "195.50" "+2.50" "196.00" "196.00" "192.00" "142000" "27525500" "135" "195.50" "1" "196.00" "3" "27225661" "215.00" "176.00"
"6684" "安格" "43.65" "+0.05" "43.80" "44.35" "43.60" "141000" "6179350" "119" "43.65" "2" "43.70" "1" "44685476" "48.00" "39.30"
"6690" "安碁資訊" "157.50" "+2.00" "156.00" "159.50" "156.00" "73000" "11505000" "69" "157.50" "3" "158.00" "3" "22204570" "173.00" "142.00"
"6693" "廣閎科" "63.50" "0.00" "63.50" "64.00" "63.00" "28000" "1775800" "27" "63.40" "2" "63.50" "14" "45720000" "69.80" "57.20"
"6697" "東捷資訊" "53.40" "+1.40" "52.90" "53.50" "52.20" "66000" "3500300" "62" "53.10" "1" "53.40" "2" "27323364" "58.70" "48.10"
"6703" "軒郁" "231.00" "-14.50" "243.50" "247.00" "229.50" "585000" "137966000" "499" "231.00" "16" "233.00" "3" "27864038" "254.00" "208.00"
"6708" "天擎" "44.30" "+0.35" "44.20" "44.30" "44.20" "5000" "221250" "5" "44.30" "1" "44.90" "1" "29008779" "48.70" "39.90"
"6712" "長聖" "180.50" "+4.50" "176.00" "181.00" "175.50" "818000" "146494500" "608" "180.00" "54" "180.50" "9" "75198730" "198.50" "162.50"
"6716" "應廣" "84.00" "+3.20" "83.20" "84.00" "83.20" "11000" "919700" "11" "81.00" "1" "83.70" "1" "29673314" "92.40" "75.60"
"6721" "信實" "51.00" "0.00" "51.00" "51.00" "51.00" "3000" "153000" "2" "50.90" "1" "51.30" "1" "22500000" "56.10" "45.90"
"6727" "亞泰金屬" "59.60" "+0.40" "59.00" "59.60" "59.00" "18000" "1068300" "15" "59.60" "3" "59.70" "1" "24050301" "65.50" "53.70"
"6728" "上洋" "143.00" "+0.50" "142.50" "143.50" "141.50" "41000" "5861500" "39" "143.00" "3" "143.50" "1" "23000000" "157.00" "129.00"
"6732" "昇佳電子" "304.00" "+4.00" "303.50" "309.00" "300.00" "291000" "88399500" "248" "303.50" "1" "304.50" "1" "48912618" "334.00" "274.00"
"6733" "博晟生醫" "35.65" "+1.20" "34.65" "35.70" "34.00" "429000" "15035750" "288" "35.65" "6" "35.75" "3" "123076026" "39.20" "32.10"
"6735" "美達科技" "51.40" "-0.10" "54.00" "54.00" "51.30" "46000" "2390100" "38" "51.00" "4" "51.80" "1" "39894000" "56.50" "46.30"
"6741" "91APP*-KY" "98.20" "-2.80" "102.50" "102.50" "98.10" "798000" "79462600" "583" "98.20" "3" "98.40" "1" "120577997" "108.00" "88.40"
"6747" "亨泰光" "200.00" "+3.00" "198.00" "202.00" "197.00" "58000" "11575500" "41" "200.00" "4" "200.50" "1" "24189000" "220.00" "180.00"
"6751" "智聯服務" "85.60" "-2.50" "88.10" "89.00" "85.10" "111000" "9659500" "104" "85.50" "3" "85.60" "1" "22200000" "94.10" "77.10"
"6752" "叡揚" "136.50" "+4.00" "135.00" "138.00" "134.00" "95000" "12916500" "86" "136.00" "4" "136.50" "1" "30000120" "150.00" "123.00"
"6761" "穩得" "78.70" "+0.10" "79.50" "79.50" "77.90" "21000" "1643900" "21" "78.60" "2" "79.10" "1" "25104942" "86.50" "70.90"
"6762" "達亞" "272.00" "0.00" "272.00" "272.00" "272.00" "1000" "272000" "1" "265.00" "1" "272.00" "3" "25889242" "299.00" "245.00"
"6763" "綠界科技" "453.00" "-1.50" "458.00" "458.00" "452.00" "22000" "9974500" "22" "452.50" "1" "455.50" "1" "18403913" "498.00" "408.00"
"6767" "台微醫" "40.35" "-0.65" "41.00" "41.00" "40.35" "54000" "2193250" "47" "40.35" "5" "41.00" "3" "29109000" "44.35" "36.35"
"6788" "華景電" "123.50" "+1.50" "122.50" "125.50" "122.00" "280000" "34628500" "243" "123.50" "6" "124.00" "8" "34739683" "135.50" "111.50"
"6791" "虎門科技" "90.00" "-1.90" "92.30" "96.40" "89.20" "78000" "7092900" "76" "90.50" "1" "93.40" "1" "20847000" "99.00" "81.00"
"6803" "崑鼎" "309.50" "0.00" "309.00" "309.50" "308.50" "36000" "11125500" "31" "309.00" "4" "309.50" "2" "71084417" "340.00" "279.00"
"6804" "明係" "61.30" "+0.50" "61.60" "61.60" "59.30" "21000" "1265500" "21" "60.80" "1" "61.20" "1" "35000000" "67.40" "55.20"
"6811" "宏碁資訊" "278.00" "-18.50" "310.50" "319.00" "267.50" "2368000" "676266000" "2015" "277.50" "2" "278.00" "3" "41449000" "305.50" "250.50"
"6821" "聯寶" "41.90" "-0.35" "42.20" "42.30" "41.90" "66000" "2773150" "38" "41.75" "1" "42.30" "5" "30787000" "46.05" "37.75"
"6823" "濾能" "67.00" "0.00" "67.00" "67.00" "67.00" "6000" "402000" "5" "66.80" "1" "67.30" "4" "22238475" "73.70" "60.30"
"6829" "千附精密" "105.50" "+0.50" "106.00" "107.00" "104.50" "243000" "25757500" "178" "105.00" "19" "105.50" "1" "59169000" "116.00" "95.00"
"6840" "東研信超" "65.00" "0.00" "65.80" "66.00" "65.00" "12000" "785000" "12" "64.70" "1" "65.30" "2" "25278000" "71.50" "58.50"
"6841" "長佳智能" "101.00" "-0.50" "103.50" "104.50" "100.50" "1228000" "125239000" "985" "100.50" "69" "101.00" "5" "98519500" "111.00" "90.90"
"6843" "進典" "67.80" "+1.00" "66.80" "67.80" "66.80" "14000" "942100" "13" "67.70" "1" "68.20" "3" "33304000" "74.50" "61.10"
"6846" "綠茵" "83.00" "+1.20" "81.80" "83.00" "81.70" "5000" "410700" "5" "82.00" "5" "83.00" "1" "26713300" "91.30" "74.70"
"6855" "數泓科" "84.70" "+1.30" "83.50" "84.80" "83.50" "13000" "1093000" "11" "82.70" "1" "84.70" "2" "21136105" "93.10" "76.30"
"6859" "伯特光" "124.00" "-1.50" "125.50" "125.50" "123.50" "23000" "2866000" "20" "124.00" "2" "124.50" "1" "35348000" "136.00" "112.00"
"6865" "偉康科技" "69.30" "+0.50" "67.10" "69.30" "67.10" "40000" "2731200" "14" "68.20" "1" "69.40" "1" "14365000" "76.20" "62.40"
"6874" "倍力" "125.00" "+6.00" "122.50" "125.00" "119.00" "313000" "38099000" "289" "124.50" "3" "125.00" "19" "22000000" "137.50" "112.50"
"6877" "鏵友益" "40.05" "+0.60" "39.65" "40.30" "39.65" "21000" "840700" "19" "39.85" "1" "40.05" "1" "33088000" "44.05" "36.05"
"7402" "邑錡" "78.50" "+1.50" "78.80" "80.20" "78.00" "504000" "39827000" "308" "78.50" "1" "78.60" "1" "33379658" "86.30" "70.70"
"7556" "意德士" "101.00" "+0.50" "101.00" "101.00" "100.50" "7000" "706500" "7" "100.50" "5" "101.00" "1" "24054117" "111.00" "90.90"
"8024" "佑華" "20.20" "+0.20" "20.00" "20.20" "20.00" "56000" "1124700" "38" "20.10" "1" "20.15" "2" "45160100" "22.20" "18.20"
"8027" "鈦昇" "68.60" "+1.40" "68.20" "70.70" "68.10" "1736000" "119764800" "1225" "68.60" "12" "68.70" "7" "99595393" "75.40" "61.80"
"8032" "光菱" "30.95" "+0.35" "30.60" "31.00" "30.50" "10000" "307800" "10" "30.60" "6" "31.15" "1" "51810300" "34.00" "27.90"
"8034" "榮群" "18.65" "-0.05" "18.60" "19.00" "18.55" "580000" "10875250" "303" "18.60" "9" "18.70" "25" "62873725" "20.50" "16.80"
"8038" "長園科" "41.30" "+0.35" "41.00" "41.65" "40.80" "456000" "18839050" "316" "41.25" "3" "41.30" "2" "62854190" "45.40" "37.20"
"8040" "九暘" "41.05" "+1.00" "40.15" "41.35" "40.15" "95000" "3864100" "72" "40.95" "1" "41.05" "1" "68850074" "45.15" "36.95"
"8042" "金山電" "35.20" "+0.15" "35.20" "35.75" "34.60" "17000" "593550" "12" "35.20" "1" "35.50" "3" "129462549" "38.70" "31.70"
"8043" "蜜望實" "26.80" "+0.30" "26.65" "27.05" "26.60" "286000" "7663000" "149" "26.70" "2" "26.80" "6" "79907170" "28.25" "23.15"
"8044" "網家" "40.85" "-0.35" "41.40" "41.65" "40.40" "1034000" "42159000" "644" "40.55" "5" "40.85" "1" "144162945" "44.90" "36.80"
"8047" "星雲" "11.40" "+0.05" "11.40" "11.40" "11.40" "1000" "11400" "1" "11.35" "2" "11.45" "1" "41666343" "12.50" "10.30"
"8048" "德勝" "75.00" "+2.80" "73.80" "75.40" "73.30" "1179000" "87734300" "947" "74.90" "16" "75.00" "15" "56103002" "82.50" "67.50"
"8049" "晶采" "40.55" "+0.15" "40.60" "40.85" "40.35" "2573000" "104301550" "1289" "40.55" "28" "40.60" "27" "118279808" "41.30" "33.80"
"8050" "廣積" "100.00" "+0.50" "101.50" "103.00" "99.50" "9954000" "1003433400" "6393" "99.90" "31" "100.00" "92" "194998026" "110.00" "90.00"
"8054" "安國" "31.00" "+0.40" "30.90" "31.50" "30.85" "152000" "4718850" "106" "31.00" "13" "31.05" "3" "91459166" "34.10" "27.90"
"8059" "凱碩" "13.70" "+0.15" "13.95" "14.20" "13.60" "164000" "2271700" "87" "13.65" "4" "13.70" "5" "189701000" "15.05" "12.35"
"8064" "東捷" "17.50" "+0.15" "17.30" "17.90" "17.30" "280000" "4907500" "147" "17.50" "2" "17.55" "5" "164817836" "19.25" "15.75"
"8066" "來思達" "29.10" "+0.05" "29.05" "29.10" "29.05" "10000" "290950" "9" "29.05" "7" "29.20" "1" "29642304" "32.00" "26.20"
"8067" "志旭" "13.30" "+0.35" "13.45" "13.65" "13.20" "12000" "161300" "10" "12.90" "2" "13.20" "1" "20700000" "14.60" "12.00"
"8068" "全達" "28.15" "+0.20" "27.90" "28.40" "27.90" "67000" "1883600" "56" "28.10" "1" "28.20" "1" "80765949" "30.95" "25.35"
"8069" "元太" "202.50" "+1.50" "205.50" "210.50" "199.00" "15379000" "3111108500" "8991" "202.50" "55" "203.00" "202" "1140404715" "222.50" "182.50"
"8071" "能率網通" "15.75" "+0.65" "15.25" "15.80" "15.15" "288000" "4458150" "188" "15.65" "2" "15.75" "6" "51854283" "17.30" "14.20"
"8074" "鉅橡" "19.05" "0.00" "19.05" "19.05" "19.00" "24000" "457150" "17" "19.00" "14" "19.05" "1" "80974466" "20.95" "17.15"
"8076" "伍豐" "32.25" "+0.25" "32.00" "32.55" "31.95" "790000" "25456150" "425" "32.20" "7" "32.25" "1" "296091516" "35.45" "29.05"
"8077" "洛碁" "----" "---" "----" "----" "----" "0" "0" "0" "35.00" "1" "38.40" "1" "21945669" "41.65" "34.15"
"8080" "永利聯合" "10.30" "+0.10" "10.25" "10.50" "10.10" "9000" "92150" "6" "10.05" "4" "10.25" "1" "23163821" "11.30" "9.27"
"8083" "瑞穎" "147.00" "0.00" "147.00" "148.00" "146.00" "31000" "4548000" "27" "146.50" "1" "147.00" "4" "35133193" "161.50" "132.50"
"8084" "巨虹" "87.60" "+0.40" "88.00" "89.00" "87.30" "157000" "13818300" "65" "87.50" "1" "88.00" "4" "69514149" "96.30" "78.90"
"8085" "福華" "44.15" "+0.25" "44.60" "45.10" "43.80" "1479000" "65970900" "401" "43.85" "3" "44.15" "1" "139983060" "48.55" "39.75"
"8086" "宏捷科" "88.00" "-1.50" "91.00" "91.50" "87.50" "2113000" "188340600" "1637" "87.90" "17" "88.00" "17" "196516123" "96.80" "79.20"
"8087" "華鎂鑫" "49.60" "+4.50" "47.90" "49.60" "46.70" "176000" "8469750" "121" "49.60" "568" "0.00" "0" "29068965" "54.50" "44.65"
"8088" "品安" "32.50" "+0.75" "32.05" "32.70" "32.05" "729000" "23679250" "382" "32.50" "20" "32.55" "16" "60921749" "35.75" "29.25"
"8089" "康全電訊" "18.95" "-0.05" "18.90" "19.00" "18.60" "43000" "809100" "27" "18.90" "2" "19.00" "22" "58665527" "20.80" "17.10"
"8091" "翔名" "86.00" "+0.70" "85.60" "86.10" "85.60" "81000" "6953300" "65" "85.80" "8" "86.00" "1" "47960114" "94.60" "77.40"
"8092" "建暐" "12.05" "-0.10" "12.15" "12.30" "12.00" "160000" "1936550" "83" "12.05" "8" "12.10" "1" "43200616" "13.25" "10.85"
"8093" "保銳" "17.40" "+0.20" "17.55" "17.55" "17.10" "308000" "5333950" "187" "17.40" "3" "17.45" "3" "44945945" "19.10" "15.70"
"8096" "擎亞" "10.40" "0.00" "10.40" "10.50" "10.25" "450000" "4666500" "230" "10.35" "4" "10.40" "1" "148896377" "11.40" "9.36"
"8097" "常珵" "50.00" "-1.00" "50.20" "51.40" "50.00" "208000" "10489700" "156" "50.00" "28" "50.10" "1" "68064468" "55.00" "45.00"
"8099" "大世科" "49.40" "+1.45" "48.40" "50.10" "48.40" "100000" "4911500" "86" "48.75" "1" "49.45" "1" "88560000" "54.30" "44.50"
"8107" "大億金茂" "16.15" "-0.10" "16.45" "16.45" "16.05" "152000" "2447550" "48" "16.10" "2" "16.15" "16" "75000000" "17.75" "14.55"
"8109" "博大" "107.50" "+5.50" "103.50" "107.50" "103.50" "1249000" "132377500" "878" "107.00" "16" "107.50" "15" "79206148" "118.00" "96.80"
"8111" "立碁" "17.20" "+0.30" "16.90" "17.35" "16.90" "133000" "2286250" "74" "17.15" "2" "17.20" "1" "109102223" "18.90" "15.50"
"8121" "越峰" "24.50" "+0.40" "25.10" "25.20" "22.75" "295000" "7031700" "222" "24.45" "2" "24.50" "5" "212993743" "26.95" "22.05"
"8147" "正淩" "70.60" "+0.50" "71.40" "71.40" "70.00" "66000" "4642500" "47" "70.50" "1" "70.70" "2" "33115656" "77.60" "63.60"
"8155" "博智" "140.00" "+5.00" "138.50" "141.50" "138.00" "1340000" "187399000" "1000" "140.00" "4" "140.50" "15" "51231000" "154.00" "126.00"
"8171" "天宇" "39.50" "+1.30" "38.75" "39.90" "38.55" "408000" "16076000" "232" "39.50" "12" "39.55" "2" "77250525" "43.45" "35.55"
"8176" "智捷" "11.00" "+0.15" "10.95" "11.05" "10.50" "134000" "1446300" "83" "10.90" "1" "11.00" "5" "71701000" "12.10" "9.90"
"8182" "加高" "29.70" "0.00" "29.40" "29.80" "29.10" "26000" "765750" "24" "29.70" "2" "29.75" "2" "107041215" "32.65" "26.75"
"8183" "精星" "47.10" "+1.10" "46.50" "47.30" "46.35" "446000" "20960750" "294" "47.05" "4" "47.10" "6" "121251068" "51.80" "42.40"
"8227" "巨有科技" "145.00" "+1.00" "146.00" "148.00" "139.50" "1424000" "204185500" "1178" "144.50" "8" "145.00" "7" "37343000" "159.50" "130.50"
"8234" "新漢" "50.40" "+0.60" "50.20" "51.50" "50.20" "642000" "32564800" "487" "50.40" "31" "50.50" "11" "141226472" "55.40" "45.40"
"8240" "華宏" "32.05" "+0.15" "32.65" "32.65" "32.05" "89000" "2866800" "66" "32.05" "3" "32.20" "2" "100004414" "35.25" "28.85"
"8255" "朋程" "164.50" "0.00" "165.50" "167.00" "163.00" "926000" "152397500" "737" "164.50" "7" "165.00" "8" "101447000" "180.50" "148.50"
"8277" "商丞" "11.10" "+0.10" "11.00" "11.30" "11.00" "181000" "2021600" "99" "11.10" "26" "11.20" "1" "91628833" "12.20" "9.99"
"8279" "生展" "----" "---" "----" "----" "----" "0" "0" "0" "168.00" "2" "170.00" "1" "27100851" "184.50" "151.50"
"8284" "三竹" "59.90" "+0.40" "60.10" "60.30" "59.90" "28000" "1683200" "22" "59.90" "2" "60.00" "2" "46342000" "65.80" "54.00"
"8289" "泰藝" "35.60" "+0.15" "35.50" "35.70" "35.30" "402000" "14268050" "144" "35.55" "4" "35.60" "3" "68333765" "39.15" "32.05"
"8291" "尚茂" "5.66" "+0.06" "6.15" "6.15" "5.66" "3000" "17470" "3" "5.65" "1" "6.09" "1" "47312000" "6.22" "5.10"
"8299" "群聯" "362.00" "+4.00" "363.50" "370.00" "359.00" "1154000" "417939000" "948" "362.00" "10" "362.50" "3" "201418493" "398.00" "326.00"
"8342" "益張" "58.00" "+1.40" "57.90" "58.00" "57.90" "9000" "521600" "4" "57.00" "1" "57.70" "2" "33536692" "63.80" "52.20"
"8349" "恒耀" "58.10" "+0.70" "59.00" "59.20" "57.80" "260000" "15212800" "189" "58.10" "1" "58.20" "4" "136634619" "63.90" "52.30"
"8349A" "恒耀甲特" "42.60" "-0.25" "42.80" "42.80" "42.60" "11000" "469700" "9" "42.65" "1" "43.00" "1" "10000000" "46.85" "38.35"
"8354" "冠好" "14.25" "-0.05" "14.25" "14.25" "14.25" "6000" "85500" "6" "14.20" "18" "14.25" "1" "78532263" "15.65" "12.85"
"8358" "金居" "61.90" "+5.60" "57.30" "61.90" "57.00" "12329000" "746246500" "6634" "61.90" "13386" "0.00" "0" "252588000" "68.00" "55.80"
"8383" "千附" "37.00" "-0.95" "37.70" "37.70" "36.85" "558000" "20714550" "443" "37.00" "9" "37.10" "13" "113760482" "40.70" "33.30"
"8390" "金益鼎" "49.15" "+0.35" "48.50" "49.45" "48.50" "1484000" "72761600" "959" "49.15" "11" "49.20" "10" "96006128" "54.00" "44.25"
"8401" "白紗科" "19.90" "+0.05" "19.55" "19.90" "19.55" "36000" "713100" "28" "19.85" "1" "19.95" "6" "60041680" "21.85" "17.95"
"8403" "盛弘" "35.45" "+0.80" "34.50" "35.75" "34.50" "649000" "22858500" "371" "35.45" "8" "35.50" "2" "120042161" "38.95" "31.95"
"8409" "商之器" "26.55" "+0.55" "26.40" "27.20" "26.25" "129000" "3443200" "105" "26.50" "3" "26.55" "1" "32000000" "29.20" "23.90"
"8410" "森田" "53.90" "-0.30" "54.60" "55.60" "53.40" "340000" "18512900" "232" "53.90" "6" "54.00" "6" "36589200" "59.20" "48.55"
"8415" "大國鋼" "33.05" "-0.10" "33.25" "33.30" "33.00" "53000" "1753200" "40" "33.00" "57" "33.05" "1" "1031500000" "36.35" "29.75"
"8416" "實威" "135.00" "+1.50" "132.00" "135.00" "130.50" "15000" "2007000" "11" "133.50" "2" "134.50" "2" "28210710" "148.50" "121.50"
"8418" "捷必勝-KY" "----" "---" "----" "----" "----" "0" "0" "0" "8.85" "1" "8.91" "2" "78359000" "9.77" "8.01"
"8420" "明揚" "78.90" "+0.70" "78.50" "79.20" "78.10" "104000" "8198900" "83" "78.90" "3" "79.00" "8" "54720719" "86.70" "71.10"
"8421" "旭源" "12.45" "+0.05" "12.50" "12.55" "12.45" "92000" "1149050" "43" "12.45" "5" "12.50" "2" "54817140" "13.65" "11.25"
"8423" "保綠-KY" "23.30" "+0.60" "23.30" "23.30" "23.30" "1000" "23300" "1" "22.55" "2" "24.45" "1" "24829077" "25.60" "21.00"
"8424" "惠普" "67.20" "0.00" "67.20" "67.20" "67.10" "3000" "201500" "3" "67.30" "1" "67.40" "2" "36054368" "73.90" "60.50"
"8426" "紅木-KY" "60.90" "-0.70" "61.00" "62.90" "59.00" "1468000" "88922500" "1069" "60.60" "2" "60.90" "7" "50242500" "66.90" "54.90"
"8431" "匯鑽科" "60.30" "-0.20" "60.80" "61.00" "60.20" "56000" "3387800" "42" "60.30" "1" "60.40" "2" "44391482" "66.30" "54.30"
"8432" "東生華" "45.35" "-0.15" "45.50" "46.00" "45.15" "31000" "1406200" "26" "45.25" "1" "45.40" "1" "38398140" "49.85" "40.85"
"8433" "弘帆" "80.70" "+0.10" "81.40" "81.70" "80.00" "385000" "31197500" "287" "80.60" "5" "80.90" "3" "52085485" "88.70" "72.70"
"8435" "鉅邁" "60.90" "+0.10" "60.60" "61.20" "60.60" "67000" "4083100" "43" "60.80" "3" "61.00" "13" "31700450" "66.90" "54.90"
"8436" "大江" "162.50" "+3.50" "161.00" "163.00" "160.00" "371000" "60132500" "242" "162.00" "10" "163.00" "3" "118260830" "178.50" "146.50"
"8437" "大地-KY" "93.20" "-3.20" "95.50" "99.70" "93.20" "50000" "4729500" "41" "93.20" "3" "94.00" "2" "47851070" "102.50" "83.90"
"8440" "綠電" "36.70" "+0.60" "36.10" "36.85" "36.10" "81000" "2962800" "74" "36.35" "4" "36.90" "2" "38000225" "40.35" "33.05"
"8444" "綠河-KY" "38.90" "-1.75" "40.65" "41.70" "38.90" "65000" "2622250" "54" "38.90" "2" "39.30" "1" "89766845" "42.75" "35.05"
"8446" "華研" "101.50" "-4.50" "107.50" "107.50" "101.50" "857000" "88401500" "681" "101.00" "46" "101.50" "6" "52914405" "111.50" "91.40"
"8450" "霹靂" "23.45" "0.00" "23.50" "23.60" "23.35" "75000" "1761000" "67" "23.45" "1" "23.50" "2" "51309947" "25.75" "21.15"
"8455" "大拓-KY" "20.25" "-0.15" "20.25" "20.25" "20.25" "1000" "20250" "1" "20.25" "5" "21.00" "1" "25219056" "22.25" "18.25"
"8472" "夠麻吉" "33.00" "-3.50" "36.20" "36.20" "32.90" "34000" "1141650" "28" "33.05" "1" "33.55" "1" "17735800" "36.30" "29.70"
"8476" "台境" "63.00" "-0.40" "63.80" "64.30" "62.90" "167000" "10614900" "98" "63.00" "5" "63.30" "1" "81483509" "69.30" "56.70"
"8477" "創業家" "15.00" "0.00" "14.85" "15.10" "14.55" "62000" "922800" "41" "14.75" "3" "15.05" "2" "31592838" "16.50" "13.50"
"8489" "三貝德" "23.20" "+0.10" "23.15" "23.60" "23.10" "24000" "558400" "22" "23.15" "5" "23.35" "1" "37752414" "25.50" "20.90"
"8905" "裕國" "27.45" "-0.25" "27.60" "27.70" "27.15" "511000" "13977550" "277" "27.35" "11" "27.45" "8" "119440000" "30.15" "24.75"
"8906" "花王" "16.65" "+0.05" "16.70" "17.00" "16.45" "24000" "399650" "10" "16.45" "2" "16.65" "1" "34037370" "18.30" "15.00"
"8908" "欣雄" "69.80" "-0.10" "69.90" "69.90" "69.70" "10000" "698500" "10" "69.70" "2" "69.80" "2" "257700584" "76.70" "62.90"
"8916" "光隆" "51.40" "除息" "50.70" "51.50" "50.50" "402000" "20541700" "324" "51.40" "2" "51.50" "12" "149618095" "56.50" "46.30"
"8917" "欣泰" "65.00" "0.00" "65.50" "65.50" "65.00" "2000" "130500" "2" "65.00" "4" "68.00" "3" "162652459" "71.50" "58.50"
"8921" "沈氏" "14.30" "+0.25" "14.35" "14.35" "14.00" "13000" "184250" "8" "14.00" "2" "14.35" "2" "46592159" "15.70" "12.90"
"8923" "時報" "19.20" "-0.05" "20.25" "20.55" "18.95" "21000" "411450" "16" "18.90" "2" "19.25" "1" "30375800" "21.10" "17.30"
"8924" "大田" "84.30" "+0.90" "83.50" "85.20" "83.50" "142000" "11984000" "121" "84.20" "2" "84.30" "9" "83800000" "92.70" "75.90"
"8927" "北基" "49.80" "-0.10" "50.00" "50.00" "49.65" "339000" "16897200" "131" "49.70" "4" "49.80" "9" "289716966" "54.70" "44.85"
"8928" "鉅明" "32.00" "-0.15" "32.30" "32.40" "31.80" "57000" "1827000" "47" "32.00" "5" "32.05" "1" "50854015" "35.20" "28.80"
"8929" "富堡" "20.50" "+0.05" "20.45" "20.50" "20.45" "4000" "81850" "3" "20.35" "1" "20.50" "3" "50580862" "22.55" "18.45"
"8930" "青鋼" "28.75" "+1.25" "27.50" "29.10" "27.50" "2464000" "70358000" "1385" "28.70" "38" "28.75" "27" "81809406" "31.60" "25.90"
"8931" "大汽電" "46.75" "+0.25" "46.50" "47.50" "46.45" "112000" "5240100" "97" "46.75" "1" "46.80" "4" "122254862" "51.40" "42.10"
"8932" "宏大" "74.00" "+1.10" "73.50" "74.10" "70.30" "1093000" "79721200" "508" "74.00" "4" "74.10" "8" "66610092" "81.40" "66.60"
"8933" "愛地雅" "9.77" "-0.10" "9.63" "9.90" "9.62" "532000" "5187530" "306" "9.77" "6" "9.81" "5" "301724305" "10.70" "8.80"
"8935" "邦泰" "11.95" "+0.05" "11.90" "11.95" "11.80" "13000" "154300" "9" "11.85" "1" "11.95" "3" "90966000" "13.10" "10.80"
"8936" "國統" "31.70" "+0.45" "31.95" "32.00" "31.55" "2137000" "67953700" "848" "31.65" "49" "31.70" "21" "248078157" "34.85" "28.55"
"8937" "合騏" "21.85" "+0.10" "21.30" "22.10" "21.20" "120000" "2601050" "97" "21.55" "3" "21.85" "2" "72478800" "24.00" "19.70"
"8938" "明安" "71.50" "+0.70" "71.00" "72.30" "71.00" "208000" "14926000" "180" "71.50" "6" "71.70" "1" "140200272" "78.60" "64.40"
"8941" "關中" "59.00" "+0.50" "59.00" "59.00" "59.00" "6000" "354000" "5" "58.80" "2" "59.00" "1" "30410497" "64.90" "53.10"
"8942" "森鉅" "75.70" "+2.20" "74.00" "76.90" "74.00" "925000" "70133300" "622" "75.60" "2" "75.70" "5" "182424088" "83.20" "68.20"
"9949" "琉園" "13.30" "+0.05" "13.15" "13.35" "13.10" "25000" "331050" "18" "13.25" "1" "13.30" "1" "44033360" "14.60" "12.00"
"9950" "萬國通" "18.00" "-0.35" "18.50" "18.50" "17.95" "138000" "2507400" "83" "18.00" "10" "18.10" "3" "167716000" "19.80" "16.20"
"9951" "皇田" "77.70" "+1.50" "76.90" "77.90" "76.20" "99000" "7656600" "91" "77.60" "1" "77.70" "2" "74900000" "85.40" "70.00"
"9960" "邁達康" "26.95" "-0.10" "27.00" "27.00" "26.30" "24000" "640100" "18" "26.65" "1" "27.00" "1" "33592500" "29.60" "24.30"
"9962" "有益" "17.15" "+0.25" "17.00" "17.15" "16.80" "363000" "6158450" "150" "17.10" "7" "17.15" "6" "90220260" "18.85" "15.45"
"020001" "富邦存股雙十N" "----" "---" "----" "----" "----" "0" "0" "0" "8.73" "100" "8.74" "100" "40000000" "9.60" "7.86"
"020023" "元大櫃買半導體N" "4.69" "-0.01" "4.70" "4.71" "4.65" "23000" "107830" "8" "4.69" "400" "4.70" "400" "200000000" "5.15" "4.23"
"020024" "兆豐富櫃200N" "----" "---" "----" "----" "----" "0" "0" "0" "5.70" "311" "5.71" "473" "40000000" "6.27" "5.13"
"020025" "統一亞洲半導體N" "7.73" "+0.06" "7.74" "7.74" "7.73" "46000" "355720" "5" "7.70" "382" "7.72" "252" "200000000" "9999.95" "0.01"
"020026" "兆豐上櫃ESG電菁N" "----" "---" "----" "----" "----" "0" "0" "0" "4.24" "321" "4.25" "303" "40000000" "4.67" "3.83"
"020027" "元大上櫃ESG成長N" "4.24" "0.00" "4.26" "4.26" "4.20" "76000" "321330" "12" "4.24" "397" "4.25" "400" "400000000" "4.66" "3.82"
"020033" "統一恒生科期N" "3.76" "+0.03" "3.77" "3.79" "3.76" "101000" "380760" "7" "3.75" "40" "3.77" "357" "200000000" "9999.95" "0.01"
"020035" "元大上櫃ESG高息N" "6.15" "+0.06" "6.18" "6.19" "6.15" "9000" "55570" "7" "6.16" "400" "6.17" "400" "200000000" "6.76" "5.54"
